"var1"	"var2"	"var3"	"var4"	"var5"	"var6"	"var7"	"var8"	"var9"	"var10"	"var11"	"var12"	"var13"	"var14"	"var15"
"1"	-0.240717275360595	-0.928671274091765	-1.03785683315428	-1.12793826415473	-0.720250489111397	-1.63463237263773	-1.02125031168728	-1.62710363526198	-1.51050728219151	-1.46875089681734	-0.704761978339525	-2.0790506946612	0.269363261525637	-1.92671928933295	-0.288166067349819
"2"	0.623928966361373	0.220213412268475	0.723042013146616	1.39757324293397	-1.27970685638155	0.308111260574547	-1.32669146309756	-0.112903685553814	-0.171945480802537	0.350768400212584	0.487419035446832	0.786232077755075	0.202629120827977	1.59694890773806	1.5401063306283
"3"	1.21604403948343	-0.139997923236009	1.15188434088321	0.687009447864482	-0.551441873657876	-1.04432854847214	-0.554316371317778	-1.31136494546346	0.652354704233401	1.11214059531257	0.281281149272858	0.54692473964371	0.172766066965876	0.898108328399794	2.99758381191504
"4"	-0.484622269153755	0.136801571244562	-0.610258131819543	-0.663448548337191	-0.110651143052331	1.55723436381546	-1.24776692677094	-0.614465778197428	0.416244999536026	0.11784178319971	0.943262173130355	1.14580387868354	0.432467020204614	-1.097734937399	-0.425546050394665
"5"	0.81981518786616	-0.405227846000306	-0.349206515919641	0.348979238194854	0.0510349147235059	0.202625774723211	0.65883199961901	0.420691081112861	0.108138488682468	-0.367586061030969	0.229095247478699	-0.836050183473967	0.0145832054891292	-0.584047799773687	0.445117031960035
"6"	-0.0475333694007997	1.14580813996748	0.251259868499675	1.75399104554299	1.50469151823669	-0.476175769044169	-0.456808224729949	0.958520854742882	0.784508423911855	-0.744530738882746	0.59268953349847	0.54310974067144	-0.430448321314593	-0.446484618363646	0.167923332472594
"7"	-0.697765730429039	-0.351737612982751	-0.9522195979345	0.626244989825605	0.436288968890432	-0.850236160132122	-1.22978244323571	-0.470719235671703	-0.895452194086125	-0.225032861266746	-2.46007911097834	0.352950898956075	-0.836030222871699	-1.53126654520827	-1.32748894901899
"8"	-1.09503512021244	0.046596856696615	-0.560985679761148	-1.94779859188609	-1.33719431604327	-0.265622989560893	1.00740877474218	-1.49169310720831	-0.860108337426204	-0.701195969933774	-1.12645450402513	0.16024481159381	0.0478426934867908	-1.15536904834523	-1.39394759697067
"9"	0.630965363813425	2.70501035998532	1.0395985265079	1.32891703485439	1.48830526536087	-0.618877004293042	1.44562268770307	1.53624562372583	1.42820962130882	0.640003903454082	0.575640808496011	2.15087692895226	2.04596576815972	0.780233678120573	-0.795322774359031
"10"	2.2720539675241	1.46459627143085	-0.0371869379792255	1.05112649874966	0.122306005728934	0.893138000891764	-0.405391705122941	1.09389781021629	0.570886410054973	-0.0597906585597894	1.55071934848285	1.67599955743955	0.826158088793985	-0.307287205485244	-0.323587156716808
"11"	0.512384077088657	-0.481819697476742	0.911597394863783	0.217030283410935	-0.311496235293013	-2.03202583618444	0.337328397822044	-0.75936994209655	0.162187824528073	-1.73288087695543	1.44280086021188	0.700041805399529	-0.161268611058321	0.717498091150145	-0.563504466729253
"12"	-0.107204759238404	-0.177605260459366	-0.12603451264658	-0.4461824842627	-1.31277534229871	-1.20919846908008	-1.19613781783391	-1.08655179295883	-0.962144801408286	0.541622666381744	0.281853758515272	-0.359251556812823	-0.253249191538959	-2.65325227014422	-1.79173825023643
"13"	-0.492921403139755	-0.0101603791505716	-1.89397106708786	-0.660927868732613	0.710469562153624	2.05006886077063	-0.169570772045274	-0.233084977939697	-1.63327589701038	0.161817680092443	-1.4399675959587	0.439872503911146	0.652832265369782	0.802571706810285	-0.37667628924255
"14"	-1.92568978392131	-1.07401287149764	-1.02782702964253	-0.897864109903676	-0.0659557084788186	0.167536170626905	0.52083508947604	-0.496568554748527	-0.558393106240264	1.80273313384321	-0.335387221254662	2.59937530018756	0.0841463506020708	1.50927139787733	-0.446882544494074
"15"	0.319620156214397	1.30779738054674	0.508405644350918	1.83317958574469	0.522807815789389	1.08036833845827	0.0923763813389334	0.214547967072461	1.08410889466216	-0.283077897623019	-0.462419435028847	-0.685657217669076	-0.890192789612765	-0.529676614038208	-0.586917592282326
"16"	-1.4105761796805	-0.16962179830997	-0.743664100019608	1.0959575589381	-0.881790533357707	-0.134109299249195	0.202330207491332	0.579143407513479	0.733896587667364	-0.115084481661098	-0.376381722920709	-0.894138935632127	-0.444986249244825	-0.326287234567303	0.169403497684773
"17"	-0.603338213494281	1.84812726238094	-0.813196806556993	-1.20760573643818	0.595602137049601	-0.432225459978453	0.0134760880399469	-0.969575529626864	0.030396947177609	2.70298606135971	0.00996923308595811	-0.803852537903863	0.218541179417835	-0.692720135477188	-0.76759719271922
"18"	0.405341804902916	-0.399165128195347	0.832638247533728	2.4868188502697	1.28643889884124	0.335342444625978	-0.0609864191177812	0.257129198733508	0.620886732432322	0.757443064550356	0.579820637606746	0.677379007020593	-0.329451061853591	0.0561161057056121	0.0650747624854522
"19"	0.942518343813793	-0.12652065614476	-0.231987804291921	0.120565653762278	-0.348581212944904	-2.17838392986356	-0.765645387694079	0.114543194598139	-0.419038023134015	-1.37924586024676	-0.416205946080402	0.521403622910132	-2.47895882733808	-0.981663582636551	-1.19378841646
"20"	0.634933852557636	-0.0364785797594144	-0.943311905389806	-1.6266147665559	0.61454778575248	0.333057470680583	0.312520028674782	1.48523363665852	0.56130474953424	-0.216869461345544	0.587063073489635	0.0452846424545015	0.320482609188016	-0.532795852268818	-0.221656505767041
"21"	-0.347212172407725	-1.46922657360544	0.519108569347067	-1.42616194419972	-2.47696523638986	-2.43024269338254	-0.163577710997455	-1.46966925875838	-1.70984792437171	-0.441152862174961	-0.493047827694878	-0.237939327652928	0.239024478364008	0.584463669938577	-1.21374394866578
"22"	-0.83979151171929	-1.11977325271594	0.486613121488159	1.04558020694935	-1.80817812305761	-1.07357107849153	-1.78843768169674	0.822828179543281	-0.286823389565786	-0.358901389751036	-0.757961491110524	1.40869687656422	-0.542220562396864	-0.206594053334534	1.06733051809787
"23"	0.0793329669575636	0.808716940823728	-0.814010428708363	-0.29096570366592	-1.61325384796466	-0.498086577776667	0.818059943784487	1.95801801991269	0.858857751626824	-0.310854160236862	-2.27222764485034	-0.413047921513204	-0.746738046823875	-0.994839153609354	-1.15994597511624
"24"	-0.131030583734574	1.6684763841764	1.05628290646344	0.74364738534116	1.5100174046678	-0.0513261081836897	-0.0070039257667317	1.41936366496305	0.569233008616352	0.920332884334549	1.23915065448767	-0.171460730240246	-0.433190435861151	1.94924816323523	0.32674219497708
"25"	-0.244938154645707	-0.685549059382553	-0.00143084151591646	1.81738566214154	-0.499599079020618	-0.0271167871069712	0.461207587920673	0.0930983565465746	-0.154489245319809	-2.2024999544742	2.12946404709292	-0.14250616521141	0.145276307950063	0.901039424915007	-0.202221220558213
"26"	-0.0518399636434961	0.490383085037805	-2.25994170572746	1.67107058737631	-0.155544455254259	0.287781837211246	0.28359466912546	1.00301826867972	-0.704798852962935	0.604822584909217	0.35442752084189	-0.814017236297445	-0.078436367657934	-0.488066292859937	-0.382192697639722
"27"	-0.312484204144697	0.547497486754348	-1.18024983578428	-0.491050689914043	-0.443990081230962	0.602811424793684	-0.0142780857733555	-0.316006582733964	-2.15950267410894	-0.930185829308706	-1.12820148273029	0.183788634954032	0.186492551474559	0.673985566985795	0.857225624090852
"28"	0.204096339470504	1.12783162318541	0.771001078798726	0.371894739482337	0.852794202144245	0.276468047613871	0.922417837527296	1.51565530596001	2.38145727369492	1.10772139847472	1.47546399580537	-0.37625706340923	0.510857248907076	0.661038880639772	0.810617625836136
"29"	0.890797559575726	0.809844487078987	1.19336843893762	-0.0429238707799851	-1.11696554118101	0.265863142741034	0.835380706830989	0.48614982608539	2.15117777273544	-0.846744808626742	-0.144506071931986	-0.0625691567593447	0.149663885769719	0.727726307612262	1.04836478316686
"30"	0.49228716458253	2.15896803884931	-1.21787264625569	0.699374602076241	-0.917017257590707	0.0941785885712512	1.40166193168131	-1.44904869128358	0.286826494531452	0.276807098600774	-0.201408889093002	-0.560014749267994	-0.0576283808225981	1.8197189523822	-1.05162391542507
"31"	0.0061950282164821	0.466877777915283	1.4571477402688	-2.05290884684468	0.529268638828766	0.53456671288695	0.533459620420093	-1.02761818631197	-1.65151758020492	-0.788713851780366	0.50520145503379	-0.00246610108147833	1.69614819154343	-0.0710496079325669	-1.57183284580521
"32"	0.0351362099230056	0.0718823623320864	0.418732348342543	1.22227186178441	0.761985921323166	-0.204728962892253	-0.654578956000964	0.982277121589355	-0.588155324970687	-0.276809202972755	-1.0033506952934	1.35886292907287	1.29115173316869	2.03833922714618	0.101501968546396
"33"	1.07032453747481	0.00148548842323049	-0.372188365264315	-1.38224863518908	-0.66695322351747	0.930114959292072	2.01159190427518	1.36318822693477	0.153374830574496	0.448752403977018	-1.85493987701076	-0.277694674557939	0.373997001449572	0.478454416600869	-0.261490941343064
"34"	0.918014183606761	-0.547099732870892	0.610899911080374	0.453422254756093	0.426316310775875	-0.266416347311996	1.34529778655567	0.86174799475349	-0.712267180491292	-1.31679310327751	0.0919570421437288	0.836404757234016	-1.06519147922258	0.0201521376933918	-0.272922630442929
"35"	0.446746741249971	-1.24127392014257	1.33565182875986	0.441022118267215	0.14944538073393	1.00467944509499	1.45482394205586	0.64906111942329	0.186820045700138	0.931122396027238	1.17982748555622	1.34001605854357	0.216863382741573	0.703413261084446	-0.932782684055248
"36"	1.17781971743328	2.27016351047848	-0.14266937525994	-0.137506548099676	1.11010659477944	0.629778120892281	0.0717836459854083	0.169006234623404	-1.36614509757463	-0.526636508264938	0.0544598715690499	-0.783787423229471	1.39364728051446	-0.486898127098501	-0.938675050012827
"37"	-0.288307742558454	-0.660526289416829	0.937006890407204	-1.1451240449732	-0.0842611579944842	0.774953806022213	-0.0890496193864045	1.55109361434496	1.65456991254117	0.316857496588834	0.191683785873461	0.221784564554346	0.931518558955056	1.04201581556733	1.00087493253008
"38"	2.09671065869003	1.33483761541626	1.05816887664066	0.203766493941417	0.466679152033637	1.20044750939448	1.42968359338072	1.39465212741351	0.903002366891022	-0.269426313072083	0.72002631704579	-0.338943567891404	1.47289185516168	1.10124747631616	1.69755833691568
"39"	-0.03529438496251	0.777691994693794	0.186257045150515	-0.162140205482485	-1.12657092285669	-0.674313813956202	-0.889245652807108	0.62271213770553	-0.421753531219719	-0.207662042309271	-1.10090152382466	0.250671606377894	-1.46821893442445	-1.21760299970574	0.145527683365126
"40"	1.4946720504862	0.572940412995523	1.3024711958397	-0.686860153150189	-0.151439967804774	0.594467416467749	-0.192838338992028	-0.0893538070377399	1.39769419565141	-0.504837633176072	0.66289102551508	-0.368402875403069	1.66102742877366	-0.214956200661619	-0.201345993958254
"41"	1.04027819555754	0.0376121655660484	-1.19643939646303	1.00455387800472	0.982018701304106	-0.506481340693223	-0.515150350534969	1.34611947966899	-0.302191239630828	0.855759845356451	-1.1119680114534	0.323076306816088	1.37052357537113	-0.532983962291607	2.43298722151976
"42"	0.00108761530298029	-0.0477354917243422	0.732111936043897	-0.0605731954382691	-0.0201465023145629	-1.38047803986563	-0.778358250728919	-0.760687466549715	-0.600935711089743	0.030004939918292	-0.96959157110184	-1.39537880081901	0.776673172081865	-0.0204070992200475	-1.75548803833106
"43"	0.88694357532161	1.66043796939441	-0.561458258016323	-0.30629341516299	2.9342323342842	2.84876094383133	-0.231790129203246	0.242950630361139	0.235619346297824	1.07814595043525	1.85245952100448	0.751592292104791	0.296873064197553	0.688748948118316	1.83529762924828
"44"	-0.0336210415742662	0.604620935706488	0.22118875866439	-0.396497699633713	0.745270178939119	0.560521102686858	0.359125272207899	-0.658631232062183	-0.552248468936551	-0.549005001793806	-0.407061629972555	-0.483426322381023	0.720029265169091	-1.39720014334415	-0.241679545588953
"45"	-1.19380055844667	-1.29757706911339	0.0584646158214194	0.627944736759852	-0.201763632114454	0.161290488858965	-0.567743445209815	-0.911316985859413	-0.888333815345314	0.12601530093205	0.750039706126641	0.755318353207819	-1.67700551836666	-0.444440428523891	-0.13975732155428
"46"	3.05719135419415	1.71490334388601	1.19606862265693	0.213144742905165	1.03247149776421	-0.398498251531719	-0.6003378842942	-1.34954069229125	1.47175337361309	0.948402537804832	-1.15211605056873	2.35714456553954	2.13293976975611	-0.241219225241506	-0.861640778219146
"47"	0.287576457533206	0.491843077583186	1.17849144381162	1.06837101252801	1.02623740701445	0.559426298927904	1.93992073346814	1.09812449715008	-0.443708181327756	-0.38515599900354	-0.108387020235773	0.466193069319786	1.34299818705154	-0.438552742708674	-0.00330191147493854
"48"	-2.0982638328884	-1.54042505000569	-0.0991515187900808	0.363156474491987	-1.15322823620133	0.145945845141592	0.205588945653598	-1.1211827302097	-1.13833790724763	-0.539096603945213	0.11974338975115	-0.77217057917241	-0.25526369835871	0.707945159149143	-0.872104155382738
"49"	0.670180688865752	-0.217726666635155	1.8321710600568	0.513623342052435	0.723989396798084	-1.15494937800499	0.703421125148725	-2.30244596811046	0.237237584314285	-0.252320302168226	-2.08048070632272	1.42556213528585	0.0130905526508649	-0.70348861710765	-0.0324409724398658
"50"	-0.265723244551915	-0.528144374054154	-0.905418945043197	-0.88378114368261	-1.06523147932144	0.396396276287777	-0.970228211983782	0.654832130422537	-0.318457792772149	-1.39455555371371	-2.53756200235591	-2.39470062217965	-2.63658090147914	-1.36138088818246	0.212101594208137
"51"	-1.15441063526947	0.515582022719937	-0.279914166487275	0.840017262254217	1.31212832402061	0.0499384476048838	0.848846071923959	0.77044635076579	-0.603106984834056	0.719773226140344	0.455395718067657	0.00472770518837424	-1.72079901018577	-1.44927275190737	1.05685541060909
"52"	-1.00730106532502	0.32265880604211	0.654384082967021	0.660345505157726	0.623884775994641	0.810806053686709	0.282987630596836	-0.927048316598768	0.425600587973489	-1.24855960445778	-0.120104268724379	-0.981988236454591	-0.118119110001187	0.824799699543256	-0.0593013518981148
"53"	1.64916593032138	-0.430727716198839	0.442843472977633	-0.108002941657865	0.0368719787516132	0.0240868299347201	0.247929501667976	-1.67006522027175	-0.015563073500601	-0.63002093913457	-1.85206702277149	0.41202432585454	1.83320033054316	0.22420982493431	0.654178920973009
"54"	0.412114122229569	1.50693322978712	-0.0719829826216701	-1.58636828566183	0.0406058737107012	0.441012293707974	-0.382300790215721	1.03377077263861	-0.392422206507533	-0.118459087986958	-0.950029090625242	-0.430762960566086	-0.0229832220796369	0.240291550036252	-1.91088180689824
"55"	0.107152647496089	0.479879972229387	0.874132225601471	0.722605554645911	1.67608754747038	1.05204929657725	1.40483331560584	-0.469767420204284	3.52693413445932	-0.619459931436324	0.827371070240104	0.930552396306894	2.07345801628225	0.55390531016113	-0.633966776176868
"56"	0.0149051335128599	0.568667907889955	-0.41281492298341	0.00231347216159639	0.99210254640526	-1.30225242206277	0.132318753823065	-0.26773199247303	0.526325298040581	1.77981846675363	-0.793923474134751	-0.493684188693529	-0.367963627332514	-0.0826482073608465	-0.707903568019891
"57"	-0.0171151785654446	1.06365692798602	-2.08248191153198	-1.24796415325899	-0.372519631377827	-1.71314521694653	0.428954741246669	0.496297926980206	-1.04060551815072	-1.38460224404535	0.0457169413703159	-0.607718416512341	-1.33351087045685	0.753777008258201	-0.159745539745837
"58"	-0.91440811508328	-0.241703733501231	-0.710727980929941	0.48358572454129	2.06678067597966	0.524118901020653	0.170704170316745	0.9106249541051	1.42753622635487	0.587261163490129	-0.359108961691429	-0.18487647889403	1.96209222187128	0.112590456461777	-0.518058034330004
"59"	0.125894227023077	0.568018658296588	0.72887381457436	0.0855793828430944	0.0194179914263795	-0.845114610719219	0.546885273819377	-0.547560980050686	0.663295948324928	-0.0227278005398707	1.13259432625903	-1.16341465733	0.429465333293409	-1.39783208088278	-0.472877747737592
"60"	-1.76023402672429	-0.0538572994778049	0.758020150795331	-0.492676122186349	0.56158562141077	-0.552432573156571	1.279685499584	1.22488490830555	-1.3226310840893	0.827650632112401	-0.0713861607972754	0.189841839307277	1.32739948046434	-0.453739240933587	-1.09956520345121
"61"	0.692553214209848	1.24132285980192	1.14626880883962	-0.542157254878327	-0.139134417123108	-0.542836978027133	0.991734151365564	-0.940702222532314	-0.559849886867868	-1.92295555119708	0.251852057165211	-0.258726582564269	1.23682413087746	0.110527584386489	-0.241469826849876
"62"	-1.09273362526174	-0.740104465884054	1.46135148228238	0.979971955031011	1.7205108994009	-0.109540543550722	-0.636009017347883	-0.107119590875223	-1.37111850785961	-0.66136142192057	0.68661649917736	-2.00235935889295	0.284403776863141	1.72755722369429	0.0394162730862412
"63"	0.112574029176041	-1.96885620582831	-1.21018998607689	-0.289336998094492	-1.95018430520927	-1.25058077208138	0.812500960217516	-0.263982692654863	1.39475445833674	-0.409339553318871	-0.376769570621974	-0.484263667371092	-0.35829908174909	-1.56219527109663	-0.181890538935749
"64"	-1.09577105236082	-1.01450081748479	-1.1205869638433	0.456573801231466	-0.35171750978597	-0.289969594594418	0.128172478539567	-0.954146384363644	-0.611990671938421	0.157110364561658	0.388928424228923	0.789983541336262	-0.914308051863821	0.58273192846545	-1.45905629916328
"65"	-1.29998875488247	-0.974047424108699	-0.804743379351094	-0.506056593326205	0.702238938961419	-0.458969302311984	0.16891929121151	0.0495150448880968	-0.412422506935549	-0.555427459586834	-0.151367387506952	0.0811784175805858	-1.10486271322325	-0.480971121977661	-0.0276658880021837
"66"	-1.97010538214804	-1.2888072248388	-0.540322425792776	0.25923944902957	0.790602984674119	-1.41319919084399	-0.607802753776153	0.773329912426845	-0.381496260581671	-0.355416510782636	1.37134966356441	0.40227604495228	-2.36528224832367	1.24331961064251	0.41094562961042
"67"	0.0708146209397669	0.712758090216499	1.29710600495229	-1.2204199039028	-1.48740917905655	0.223124589029574	-0.308511939548642	-0.0311132930343381	-0.440853642485086	0.473290676564021	-0.460418210955174	-0.170980917352315	-0.353749958819467	1.15399250233329	0.632053562452165
"68"	-0.30933298350423	-0.891214868660196	-1.52253481045416	1.11297864910313	-2.05415266052673	-1.62390731128856	-1.58916091047506	-0.590542942013692	-0.422208556030598	-1.20874661089564	0.457236094945227	-0.683572105756472	0.44237343189985	1.29991030528838	-1.13985099929781
"69"	-0.617574032748357	-0.00127058327586838	0.558411601545641	0.0837154486730352	0.263685336201451	1.83226994501401	1.81692410032672	0.581689662711528	2.5549796379648	0.908015104277257	-0.794924074428296	-0.8225320481558	1.52816732014785	1.71176490380432	-0.532379912236073
"70"	0.709905198933502	0.818688328624431	-0.763857330356567	0.333773640355301	1.85550708335195	0.592067548864211	-0.184288710439772	1.43131016807893	0.549582865493016	-0.945893662857941	1.00245917361005	-0.38902534806405	0.24771487308889	0.992427404082147	-0.277312301565006
"71"	-0.0345247841459793	-2.62158977845152	1.28436818706017	-0.261147128520576	-1.31075936336573	-1.132855544544	-0.101335610030044	-1.21943674056984	-0.331352960585721	-0.376814771202098	-1.50512699483754	-0.334623424767496	-1.24406438186788	-1.57402478042816	-1.33708046482923
"72"	1.16074589202605	0.242659566427878	1.45910604525996	0.367808822390044	-0.222731239870927	0.15298521901115	1.2093977417443	-1.19930726117241	1.56522286772445	0.223420489950336	-0.618415308464752	-0.151843899107333	0.0581765314477032	-0.3414177630264	0.653106957973732
"73"	-0.463978372928521	-0.615899234923873	0.242445733248916	-0.476429857996693	0.719699863444916	2.34003668805688	1.31613656870794	0.974359900091751	0.268015453522383	1.22531134134224	-2.37945248416287	2.31642194033224	-0.104080609747777	-0.483710018717661	1.33260779921511
"74"	-0.403546158748539	-1.27399046593003	0.573484988829175	0.055895828712846	-0.555062257866968	-1.088088589281	-0.468111276604416	-0.376842732401271	0.130650678351467	-0.822409041445134	-0.843337891642657	-1.9461898315413	-0.403923171768053	0.485923010555384	-0.652864016526087
"75"	-0.189342528983803	-0.886330615870851	0.720196452924214	-0.0747866206050047	-0.0619411764649808	-0.864104277218871	0.625257568899048	0.631499047132442	-0.356396379875041	0.518647004810335	-0.779057215835173	-1.81634582345703	-0.815430559710288	-0.13862134851941	0.646672495406867
"76"	0.11583798116049	-0.739361846291638	-0.312550713847072	1.83895664305293	-1.02732396147902	-0.581382390152037	-0.399300983685782	0.506194545874079	-1.67775723099159	-0.19177766212176	-0.443627026533734	0.245285802782349	0.82907264572622	-0.223856610043386	-0.725421299857273
"77"	0.743814270838698	1.99417459390532	-0.638951282434912	-1.33008172701679	-1.16586980454186	-0.551760183335111	0.793095064124111	-0.132072137279534	0.126282200716043	0.118843037680138	1.29750317794984	-0.0585323427152299	-1.22628047951968	-0.812796166093561	-0.677571270168817
"78"	-0.94865173872107	1.28368862252311	0.0376164131056206	0.207058933380217	0.670358186151789	0.15580963697955	1.12697456986755	0.269227480918285	0.748575933414322	1.57365197762879	0.173230059321666	0.229741651233492	-0.15583654291026	1.34854139400204	1.26727659764568
"79"	-0.273881514759373	1.60567834474373	-0.536877699880523	-0.61850504864571	1.09902866346527	-1.33317784760573	-0.876383251862686	0.95566362487392	0.0258762973397807	-0.402057392716593	-1.68253854031289	1.1170699641642	-1.096217167929	-0.578913039894406	0.385994967868144
"80"	-0.12518402064055	-0.965108166102714	-0.950805157688279	-0.848149034182515	0.836671134352811	0.14158574841697	-0.575699322238279	-1.86293095896308	0.0870771794911283	1.42856047954245	-0.495104434742894	-0.840589999440413	-0.226814533735801	-0.578360704324138	0.902475641828591
"81"	-2.25417715478633	-0.622319828283481	-1.01039245747005	0.832829945637334	-0.790732487489474	-0.787520480446507	-1.14046413637266	0.764308830303167	-2.30918064511216	-0.591421637135737	0.504332987413489	-1.41635718611287	0.747772527301706	-0.257035537301591	-1.38330231696024
"82"	-0.851829605541662	-1.1559885953334	0.289177125511576	-1.50560598991099	-1.6727308978616	-0.51593918133385	-1.01152136361189	0.0580067583538596	0.76310872896007	-0.246650688129047	-0.775114446089597	-0.0254775916357556	-1.51281910329065	-0.130712771095481	-1.38695354002525
"83"	1.84216575923492	1.36159886835458	-0.280119474675855	-0.719476820027236	0.757198969489766	0.21624350945085	1.40179559961772	-1.16585740717378	0.882585952028124	-0.418854463827523	0.736625478365121	1.81763023672367	1.20828921610199	-0.0368397478680196	-0.00861940332486932
"84"	2.08146408234259	0.752599459398726	1.20430874855847	0.919696363047915	0.147189991492319	1.19777392432041	0.440557920007574	0.430157804715142	-0.472452111613672	1.48971160416396	2.63061563987383	1.40771914579223	-0.888300654708355	-0.302196444923089	1.17263524520969
"85"	-0.416155144507004	-0.80900170034904	-0.592738371497989	-0.103781840755331	-0.367637233110995	-0.667215849780206	-0.651588144325137	-1.7932349367984	-1.24330640856304	0.688963942083533	-0.750367892730758	-0.787684470071614	1.00707560454971	-0.575902248525074	0.550146749339975
"86"	0.24621454274817	0.349567433446683	1.01569137173505	0.762195319584556	0.202066839343019	1.3148405601299	1.08998550523477	0.544328480908255	2.25013105115821	0.433452241408155	-1.68257502701718	0.126024363452469	0.301517324402107	0.544062008469339	0.883223147126834
"87"	0.58776489644378	0.847845893039497	1.36854305467754	-1.19326392009815	1.19087579237077	-0.989669712094749	-4.18873178899019e-05	0.982153545144145	0.100387612219812	1.16438656405739	-0.235194212547906	1.61024355859881	-0.652540694486016	-1.01207997016717	0.485422378115698
"88"	-1.0205790593399	0.23717050782808	-0.635686893168215	0.20426764489817	-0.19392160233149	-1.41004067066174	1.52708903351173	0.429408877074073	-0.930702561613429	-0.0613931365978543	0.752690784323838	1.38456056983702	0.897432013704712	1.28642542264945	1.1798896021613
"89"	-1.01138695892528	-1.22785782282725	-0.258355707111971	-1.55786510746801	0.164143187041403	-0.741235421157716	0.252348278993749	-1.22874066849371	0.334827553972344	-2.33258781926026	1.55320122016036	-2.01906415230668	-1.25117698286311	-0.0458438032866833	-0.964874902081859
"90"	0.0823777627067195	1.85318847448779	0.410161382352773	1.49952435397392	-0.176447106214824	0.154519085698586	0.515699110242465	0.336488533455349	-1.14461008701828	0.490081947057115	-0.297073691677277	-0.376526004876836	0.696770532130973	1.80274594884892	0.108601339285347
"91"	-1.66428254297839	-0.392502117485664	-0.431198002442496	0.465249334126128	-1.60358494982772	-1.00914465371457	-0.831054449625269	-0.00804903915093665	-1.30894908304809	0.184957586425174	-0.977487880587834	0.440664347538285	-1.29365635382641	-0.884489434284929	-0.133979911873051
"92"	0.158480927034233	-0.589341752399127	0.581868145319766	-0.467528236477497	-1.36664671747101	-1.41743946006709	-0.321580146641731	0.451430946898611	-0.580429498515013	0.211067539044336	-0.784021290121405	-0.309540552354954	1.07122759489969	-0.124774036348059	0.13426469963516
"93"	0.561097185797298	0.930342718707888	-0.245972324860429	-0.971540232888349	0.55119893140191	-0.472459317994613	0.477000040904855	-1.60807299317833	0.210016633069879	-0.179067391572274	0.231380707809808	0.597218024928563	0.0318680201430481	0.691235984882765	1.68335165692871
"94"	0.887839853458175	2.25201741949911	-0.190970505785284	0.23669509327599	0.989062349326291	-0.0605742094515001	-0.533803889632881	1.58758105853863	0.0814112800125505	-0.365087673465651	-0.698127308321645	0.171257831919724	-0.877621539238412	0.550193783669878	-0.24332553529741
"95"	-0.243484677082828	-0.40703979556578	1.03635418528157	-0.781279260616931	-0.066694043185684	0.286262158427202	-2.50688006355367	0.667318877213912	-0.112310812520302	0.367123041563482	-0.312141463524107	-0.236645450270976	-0.603937083372044	0.0933989809232677	-0.0249191638280649
"96"	1.07461453896619	0.965941791244803	-1.22058377157012	-0.375292858110726	0.264517320993207	0.305292718050964	-0.746648123935152	-0.179854409792871	-1.04257915823627	0.601364353658448	-1.16552275402652	0.29627895069238	-0.869803922529831	-0.58264532397005	-0.829697062911335
"97"	-1.13815632790652	-1.4779798289059	-2.46064486022093	0.734063830214091	1.88478646760034	-1.16677909275066	0.951153304293592	-0.383868562951057	-0.350397519256308	1.48824260017035	0.431395156815567	-0.507800041101338	-0.164245523352434	-0.785216959042686	1.058519323098
"98"	-0.24307980678895	0.168451493301331	-0.425724048713685	-0.559338962085399	-0.699141574381871	-0.430092057263202	-0.00608067895529737	-1.65469763465179	-0.195274462018054	1.6951310749731	-0.557808053274865	-0.603823810904259	-0.592352268693431	-0.0121584640598957	-0.0257906444303069
"99"	0.0821670536558636	0.570195671793293	1.22050287122114	0.463167301825969	1.2644483479885	0.331812189566394	0.984605759891425	2.09344251413926	-0.534211286341976	1.05145370359381	1.93175484115921	-0.0683055974758011	0.553909973102371	1.17031785452419	-1.36013148219359
"100"	-1.31730395655377	-1.8134404884302	-0.357240519595331	-0.985734654214757	-2.33465159821022	-3.39057468319141	-0.994035250946276	-1.05954364187432	1.110646022325	-2.52228319237719	-0.219966954030454	-1.09228686312814	0.329300427154309	-0.540375309317825	-1.56695595984566
"101"	0.193684668199617	-0.500248812768651	0.420202273534596	-1.54383968684237	-0.042644506347493	-0.895362178383796	-0.548851851866124	0.118924833018336	-0.481490152974854	-0.300360410364434	-1.72108799036957	-2.57357691201447	-1.99609953008054	0.654147816681094	1.43694820846921
"102"	0.589269936196367	-0.0526685243935245	0.492308182280023	-1.52755777138941	-2.3850790316367	-0.16516166418118	-0.654302843595699	-0.688920847175528	0.754486320398525	-0.960420309945914	0.420113538832422	-0.675369210633455	-0.597546842531812	-0.61239824205853	-0.769133952429429
"103"	2.23400587469937	2.0161887934139	1.41213883889844	1.17841575779767	0.0343049023786007	1.12187432841693	1.11595134100858	0.824737093704979	1.2239527631942	-0.15658369671168	-0.389855657991078	2.16151735758436	0.807702746230368	1.24532828212084	1.67300592177119
"104"	0.396148814456371	-0.52944752741404	0.0468795033036316	-0.253090318527973	0.0539299931026891	-0.525295922239215	0.135712232948839	0.418261652800621	-1.27482988641603	0.248084429407435	0.153403973772436	-0.381706188697966	0.354420103100349	0.099660587220225	0.117799297560446
"105"	1.26514944807891	0.150648150550861	1.45245781327423	2.4610704545951	0.0559884948980477	1.23975558536914	0.159206993467864	-0.104862637177017	0.665181358686527	-0.775914964405612	1.07120828861265	1.04756298497581	-1.13241562945819	-1.55717878663782	0.477258801038036
"106"	0.555969141693071	0.631841715394005	0.179520876483211	0.189094641880927	0.708776761663339	0.943766916925689	0.225078719214099	0.433664358353483	0.568316343320185	0.499059367187781	0.372036322468854	1.48665042093662	0.26205523439085	-0.968759639793058	0.872537352058418
"107"	-0.861350567912609	-0.102233845955032	-0.569567335456803	-0.664295374311224	0.00781719066068962	0.869869646510076	-0.422125700005622	0.246701230796484	-0.444225046540011	-0.0548525332857191	0.372889145442729	0.198578436651943	0.0529214297650611	2.43735541320548	0.782237339809081
"108"	0.585084383054321	-1.74492785477608	2.90798730491401	1.02641588922497	-0.453486686254206	-1.18991860130309	0.943990692122042	2.10601336752537	0.426224287231838	0.154973464656023	-0.168231689329694	-1.01699976610416	-0.405927468912653	-0.449103228347321	0.362190318309335
"109"	-0.529838804618432	0.82423780605549	0.619481148964521	2.00097166177109	-0.655740793366838	-1.25359332935307	-0.816182653925034	0.0875284346488219	1.26289021227024	1.27510826983806	2.09580408204142	-0.0774870205134711	0.881963487036109	-1.57275705236444	-1.31094190395269
"110"	0.197282544664854	0.498035250992004	-0.973295318228032	-0.544611347254094	-0.270106036302619	1.02937382295606	-0.0608667170699902	1.17063043130176	1.26582062040038	-0.793083220916097	1.54409695788735	0.705256329488715	-0.887361903105008	0.429520095710673	-0.269493127331179
"111"	0.618008706577192	0.576699946233658	-0.140986003020183	0.072249202029872	0.741176926983926	1.47523872911845	0.0353865414741642	0.0507236606713883	-0.297115730709258	-0.911954885303224	0.284389035694305	-1.15678205096672	0.592416361320142	-0.396545024367444	0.199723453987723
"112"	-2.04271563263419	0.554045080929336	-0.794170457905312	-1.26488839279165	-0.149473256141669	0.383828392097105	-0.344790760976286	0.0131886003264632	-0.255323041782139	-0.450150381868875	1.73980492121473	-0.0379852304233025	0.581835981493293	-0.778219053975759	0.599894166780478
"113"	0.547930043869427	0.761847920715138	0.61811304146934	0.68109123419347	-0.527024988609755	-0.320251052914462	0.280664321597699	-0.100196648650576	-0.119221504184732	-0.0919068480273406	0.0206610093731521	0.237096522817039	0.0723904746510059	-0.0735645807794622	3.21835075674829
"114"	-1.91280536311362	-1.50842781440027	-0.169013494866245	-1.34177556865009	0.425755734223993	0.415913837757549	-0.298675658465006	-0.18771381862988	1.31465263613238	-1.40529943338145	0.155392066365405	-0.967070074394406	-0.761523294326678	-1.58227923390607	0.921475680823966
"115"	-1.22787238433972	1.11397330861898	0.425962831049764	-1.03323156237593	0.8599655024598	0.727445760644131	-0.473980166500813	-0.75766601994756	0.956951290825691	0.84881418744913	1.65549286499885	1.16579431660065	1.46605679992354	0.0759754042874871	-1.08470694925571
"116"	0.527557872182488	-1.42399784869716	0.766036271153218	-1.17068264597576	0.0847106573833846	1.17749274736327	-1.77977725562293	-0.289517416971703	-0.493483333526774	-0.498873803835066	-0.508679995520202	0.179538038549581	-0.7928699806031	-0.478364596929552	0.0318462516414264
"117"	-1.00409237224081	0.959960788183163	0.124096051514933	-1.0806504433308	1.36407518383992	1.82395272216038	2.21780268859771	1.04827021555009	0.870684586514517	0.394937099007523	-1.11555909394351	-1.15370507770502	1.08774808831768	0.61066611043021	1.16080833450781
"118"	0.202003376125679	-0.425998856509869	0.00834681709530297	-0.773776089375354	0.432130218832238	-1.4925706367091	-1.81348078288441	-0.582632505416954	-1.76493450000221	1.60736227676921	-0.707031623934859	1.351833790039	-0.746743183534457	-1.33280415513111	-0.252020017749099
"119"	-0.119915633041167	0.180933659798515	-1.32100631548676	1.68281404501767	-1.43274934801575	0.145260577837295	-0.798842276082141	0.08878950693642	0.901645889570703	-0.708101949765226	0.308241104328607	-1.57996770119378	-0.95876935300648	-0.287242210768478	0.990483141074298
"120"	0.136408310452362	0.631862667043667	0.306997927788943	0.109592276518057	-1.02482290768932	0.544093256094951	0.638354585058491	0.88407770594255	0.977855104957931	-1.33297412953718	0.170361478074535	1.1391577634171	0.154734520693676	-0.161169117221443	0.382942850327059
"121"	0.786991685843627	0.712530127316753	0.0879287830036277	2.20984848400514	0.431831084211857	-1.50196576912275	1.99528294244434	-0.238929654317081	-1.9623925615656	-1.14086711047576	-0.584715326160681	0.888191428402245	0.910384624094898	-0.291195687670192	0.670429235521834
"122"	-0.529067081231548	0.848752019101288	-1.23279202398929	0.305066898515561	-0.194678028508625	1.68368398631219	2.24488505566117	0.993166351191742	0.915579517288842	-0.550372175478938	-0.180745591675357	-0.144993561650254	-0.219777181670062	1.83374962440453	0.187999306329271
"123"	0.608768811442931	1.73258566030141	-0.659521703580945	-0.921455594892681	-0.84430006036641	-0.574558036196586	-0.298730050153041	0.50206194083988	-0.835093486411995	1.14446038011912	-1.1349815415203	-0.590359822881207	0.514391519524357	1.32645377266541	0.991756349626765
"124"	0.774887823406087	0.934247709086228	-0.33190718165422	-0.0271287801314012	0.25289937008852	-1.3263963499621	-0.354096985969587	0.335903579307997	2.05893634551954	1.39670118596077	-1.03126935894182	1.27452432857509	0.136500651675684	1.05596389978135	1.91443324510111
"125"	-0.529698113089009	-0.591498461551515	-1.49868242277362	-0.237644926437236	-1.22684822765716	0.378601815261403	0.113920508993256	0.43906979787542	-1.38757953626986	0.295490206960551	-0.56673254373425	-1.49351981109753	-0.737775289204134	-2.56193678536166	0.556264768877443
"126"	0.39886527129465	0.0732960768626866	-1.06605749647075	-0.224262451478274	-0.45491701499591	-1.31332683072897	1.10156684228049	-0.282430189051384	-0.132370200645647	-0.913839505171631	1.05951893824348	0.432824142989458	-0.591207005322344	-0.0300390578832149	-0.970261894611548
"127"	1.56637613045014	1.40164690721277	-0.367743459774642	0.17261486019795	-1.62942364464939	1.28787314178401	0.959896657204968	0.307038477442419	0.480614971397749	0.295030399709719	0.326423055706256	0.642771244682292	0.556794553626896	-0.822041270186962	-1.36804344152458
"128"	0.787815355445273	1.13736902422026	-1.23376386504739	-1.94109907190955	-0.821098912569723	-0.0705068585359546	0.244890584593032	0.0621076755675517	-0.546684306637132	-0.629273874544848	-1.33409120991029	-0.130812400955149	0.843330348312698	-0.32424104602247	-0.815414691779122
"129"	1.42812550042614	-0.370924955475704	1.02222936767813	-1.68794826637318	-0.0165537112332323	1.38037388407471	2.43140943308847	0.139633674112567	0.969934402590013	-0.0235562734567335	0.744932525336054	0.68450022058171	-0.354404969346822	0.0286414130609603	-0.820565392663189
"130"	-0.296239107370672	-0.708659353269319	-0.540959001586669	1.13320440568751	0.729381171277739	0.218683204314044	0.74342540479464	1.92373466884084	0.00187886105685217	1.29792582045411	1.69122426278546	1.67959049592575	-0.6420655168494	-0.41576239808867	0.481249143280295
"131"	-1.12007316039434	0.0706332710218803	1.5587820143563	-0.778586857015127	1.97899912011648	0.407563096799767	0.139309648929983	0.529361868013285	0.779980306048268	1.40715549886483	-0.418250379785744	1.07252537111749	0.700265631641172	0.630920025726808	0.0263503214485407
"132"	-1.1781004941552	-1.0467720987041	-0.191592096941981	-0.245479850596317	-1.28389484185223	-0.997966649557471	0.287569774844759	-0.866037745788362	0.199580543875048	1.04581067929448	-0.776450750076149	0.00409600485607142	-1.95079685843808	-0.984210063219084	-1.28774709325797
"133"	-0.917185846883823	-0.543155975850241	-0.0225529180370643	0.125083699218388	-0.589650734044214	-0.297889325551969	-0.357719819180669	-0.921416764148347	0.941251784558607	-2.32684069074091	0.378273350128791	0.0816836421616891	0.582188294404952	0.378847531079707	-0.0294544252872583
"134"	0.4073702800089	-0.570133292145356	1.09938933424413	1.1630369932584	0.524784888910532	0.222330403223223	-1.32559788485128	1.04542635723212	-1.12595648055205	1.18568750827029	1.47369475917591	1.33042676157946	0.663753231587422	2.28766082853293	1.09900163506209
"135"	1.25671382324392	-0.345163891599208	0.414369651483288	0.135283783094229	0.242542207089652	0.467926349813806	1.38625832793688	0.903000529669961	0.317807779559613	-0.380144107204806	0.565894210643387	0.15111455932238	-0.036113343504917	-0.942635266842935	0.283142958074553
"136"	1.80009535603549	2.03457746000851	3.01172096100773	1.04860170082328	2.32993533254969	0.697911267609879	1.74984114842999	0.925555010257801	-1.26941180081634	2.35660110411485	-0.893210084790836	0.563241097122461	-0.527492060767889	0.249037990486934	0.196939334478513
"137"	-1.24414046239773	0.171883351071395	-0.137842933658278	-1.1797612389416	-0.433698443897213	-0.197698662424804	-1.17144313839925	-0.377552478583708	-0.421956659704159	0.211824018685486	-0.882323187094339	0.210556357262041	-0.567054466020005	-1.38855873065948	1.54527354571671
"138"	0.645017129782612	1.48131460552718	1.49171012721417	0.994912209444948	0.642670211713478	0.425191261717545	0.454151530782858	2.37814386661394	0.0809849619585712	0.366647246011598	0.251849422315511	1.11119726256027	0.161325056459076	0.624467371144116	0.075140206536665
"139"	0.479795718926245	1.12326425311374	0.561607948293301	0.493653023280632	1.51683185552682	0.0516942132276519	1.4107537851242	1.08120049688113	0.475029161619967	-0.509437554163502	1.32056223742347	2.05731439261828	1.03490168461909	-0.019611876986821	1.63436479292906
"140"	0.460432919285735	0.0296556509378373	-1.0027508953429	-1.93951859516873	-0.909333293353518	0.0414694164661409	-2.42048446251964	-0.160983416877237	1.46376088012414	1.15698724963326	-0.137851976687631	-0.244379131135375	-1.88264427680907	0.418675384620837	0.610723062201635
"141"	0.0557515088592381	1.54284171879838	-1.89912677939937	0.0999623200407839	-1.00436999030469	-0.60682081792306	-0.321930601709487	-0.859472930304868	0.275837589601285	-1.14956194807632	0.186649836658073	0.557087835166184	0.119062546540452	1.02563926464434	-0.5263943608847
"142"	0.895238006756528	-1.53217640655405	-0.388349923456024	0.940963613947342	0.28777299076892	0.79495260119125	-1.11719856005866	-0.0717403075803734	0.639770819640652	0.536582744469276	-0.816070378388768	-0.459897931629033	1.40134730507868	-0.292435914235279	0.0205888840071375
"143"	-0.846549153961511	-0.233176565376559	-0.143566218462061	1.25575461340589	0.389470369523857	0.240614429956943	1.02058671234271	1.35868365560205	1.21829183665141	0.986591441706079	1.5183285919461	0.175817221915879	1.21148062581276	-0.137961310477297	1.0796672777752
"144"	0.157160484322578	-0.910543030629752	-0.167761811237642	0.192101783003754	0.659247920907782	-0.24391995194142	-0.547981474437046	0.743353605811699	-1.09483424344767	-1.18111874743383	0.260397584225388	0.310561257786807	0.0041858863252077	-1.00376285039933	0.106977056244404
"145"	-0.229770836013225	-0.0540805501245261	-0.554984818176598	-1.257527352031	-1.60718512689813	-0.00826167542195865	-2.60101693998341	0.0803372865144245	-0.310079562342962	-0.430652302789079	-0.795530255547873	-0.375229863878976	-0.641348929828372	-0.230744843124942	-0.391503433288439
"146"	-1.01842227944524	0.56169900924861	0.406076281401824	-0.136677882765294	-0.432300958936817	0.290031465956181	-0.938249057036772	-2.42843081023664	-0.771671618404154	-1.05416951669041	0.764824235168491	-0.408988248429235	0.408785744080374	0.19778345344397	-0.406188593130674
"147"	0.280086303824614	0.992948461818141	-1.33013931249311	-0.885048739203156	-2.63951533087214	1.24124198331077	-0.840675783694093	-1.04188818616204	-0.508746639524933	0.732377966380075	-0.642856080747754	0.189136985107903	0.0896268410914202	-0.258628278323275	-0.512693513434109
"148"	0.527063750220999	-1.24649875995738	-0.0429684082900343	0.394712546133141	0.841331472326151	-0.964306344263034	2.14357513170812	1.40207821226335	0.0630689728141661	-1.81426174798655	1.14503424148604	0.00292790106996693	0.509579225920405	0.598665008703662	-0.196889093047665
"149"	0.0960720743240277	0.575387907922988	-0.161803740838895	0.348161396322482	0.341218503531556	0.366382498819203	0.715950639170871	1.19516340659229	0.475310483559456	-1.54201884281993	-1.1234587724495	0.139972045553062	1.83820638991701	0.249693884527087	0.148237858106028
"150"	0.137289028868851	-0.527115481893835	-0.338867325919408	0.481031270028756	0.0399198851351153	1.03979203909553	-0.255219789385322	0.776196495019224	1.72337206479155	0.677501038439745	1.97293339273066	-0.0915629900511838	0.48089161331196	1.97554805641404	1.79798497470744
"151"	1.13028821547684	-0.254643036860331	1.40974636926585	0.12208859974438	-0.400654186348182	0.0269107670106359	1.48921978207231	-0.506722928374843	-0.294915431353794	1.21895314216445	-0.386766600622144	0.725393398768081	-0.586865955550294	1.49126550509932	0.351230010529607
"152"	-1.23123115275464	-1.24595099564254	0.877304604410374	0.125685155941791	0.201297887056521	0.662754250187307	1.74765674498558	0.224769973869016	1.00895084916213	0.574675239764519	1.46281703645118	-0.00937395136474721	1.21016235858473	0.592101124327813	0.557081566723249
"153"	-0.146147531795769	-0.0865413714950896	1.45371575235418	0.832451117823927	0.176526812459427	2.31983968095975	0.621506478028041	0.084501503376233	0.626870454236999	0.953103741076453	0.0213682631517171	0.402508238954326	2.83957948899226	1.53618974397337	0.794070684228574
"154"	-1.00377251841314	-1.53622380430099	-0.519918962481481	-1.2235968820607	-1.12872162806408	-1.66458657694725	0.314689117878766	0.87963979867638	-1.69142446846162	-0.127828199839238	-0.245493566542455	-0.237475255460629	0.582535541490099	-0.177441395092879	0.793908839277682
"155"	0.237794316098464	-0.263833771680338	1.57981661419553	0.194007387052229	-0.0729136212315211	-0.328457956933574	0.0658845821390041	0.662320794652401	-0.327087832382652	-0.108300214963028	1.33674949288981	-0.192888954114442	-1.323165088828	0.193706555536547	-0.69219657858235
"156"	0.175259658598729	0.138106232884911	1.22597055131304	-0.298709720957599	1.12480344673508	1.23110574084904	0.294739094963186	0.298429585463416	0.185287972329966	1.00279684172556	0.636454022485907	0.219912684680049	0.399887843150517	0.777464052738607	0.637505167361353
"157"	-1.48752778379631	-0.422257603140379	0.946390706871253	0.0534656020858697	-0.633978602472853	0.922761269986972	-0.962735148422633	1.05005053693527	-0.808927977430564	1.4523973542209	-0.748247584935808	0.842524057530349	0.505407009644768	-0.903782965606086	-0.0069270252082215
"158"	0.112004484337768	-1.30831407808559	0.77428147935398	0.345364602097054	2.0643849960192	-0.121899474334932	-0.281397983881397	-1.4574038188094	-0.224307889369062	-1.06516429681964	-0.629790020478185	-2.13523141666742	1.71622853193495	-0.691834394990803	-0.544792581193996
"159"	1.22267099901946	1.71614936560572	1.30338133043362	-1.70835739490757	-0.342339938915497	-0.699671184443033	-0.474158483140964	-1.35450280156611	0.697407721076055	-0.101230160074141	0.463064450906637	0.73989930546759	-0.568867086146135	-1.50244855614512	-0.752900822419589
"160"	0.878182748133845	0.266846866407806	0.481850017727132	-1.02619797635205	-1.20634725992776	-0.843069225277443	-0.40192922587992	1.46049571747925	-0.383943698277851	1.9414558237316	-2.01399447155053	-2.55455034421453	-0.760101904164232	0.690886360543953	1.35134095329811
"161"	1.12910206634224	0.856245855793879	1.147213582971	0.741717739143751	-0.324377361381763	1.56768766286168	-0.819470756427203	-0.265154575875895	0.466001560262648	0.081074853410241	1.1807990661704	0.995767148992592	1.86609063398488	0.696562740182212	1.47500021308104
"162"	-0.719014132752462	-2.05873922845503	1.37114784145438	-0.152119782836251	-2.89414416976819	-0.458702328861853	-0.277492720484955	-0.318898229612527	-0.279577141906613	-0.984233395810396	-2.11763547008042	-1.09705705194441	-0.0075615768852524	-0.288086104633634	0.598318953767128
"163"	-2.05619561401846	-1.0667313639437	-1.41189997623103	-1.5435419053382	-1.27196477443319	-0.794742381040957	-0.880353026153726	-0.225600983570733	-1.57321017843639	-1.61841144733607	-0.242582316049669	-1.17584484894942	-1.22883528726202	-0.60004105897208	-1.39685862805746
"164"	-0.519510197244103	-1.9178919653373	0.429014762388712	-1.16419136432577	0.26056499129844	-0.698325652912049	-2.48478931865132	-2.20132650874198	0.372334447522849	-1.86871698758013	-2.41291456321022	1.37432430710685	-0.344495777673739	-0.932355306870087	0.685344594361969
"165"	1.18282105818473	1.39367161009131	0.998992814174235	-0.191906950972249	-0.682505697319713	-0.608590618023471	-2.11146506211934	1.01650142987135	-0.117215415182337	2.59957947252712	-0.41655945979392	-0.437026765862409	-0.783161491216245	-0.706707320567332	1.17348926865622
"166"	-1.5175427916651	0.224875411230341	-1.28096898591979	-1.42945951049266	-1.82916056335794	-0.304446860112834	0.223328383222129	-0.638207095986915	1.0473014826405	-1.56060584470819	2.31410604124673	0.861519731608743	-2.08189882527665	-0.496913099936801	-1.2268855316694
"167"	0.185852555354191	0.748580474349644	0.185836413687094	0.458754675276271	0.181673259803238	-0.149161548394692	1.95094130925599	1.50229416018786	1.38053336157634	1.71997191391327	1.0780997587503	1.31791887466567	1.53171540097502	0.918398531453615	0.235117993755162
"168"	1.86813992247286	1.19692271233975	-0.276120595066538	1.2716336844021	0.444746191728311	1.62613580038779	-0.315325886622125	1.45695326163801	-0.0516519840666536	0.21206170627527	-0.410287553493495	1.78448631623982	0.807388551006	1.68459740833776	-0.799394712336364
"169"	0.379613660466211	1.1519988237985	0.031729633738362	-1.37833958575177	-0.834961643672021	0.0609801932138495	0.133607131664936	-1.31474891365934	-1.76390627180441	0.813288412303303	0.841336973669541	0.325845198772009	0.78617286194171	1.69075763730879	-1.60828700914624
"170"	-0.823135088859482	-1.36478781755412	-1.28227175798943	0.206104396656499	-0.885322235432257	-0.0543032472084114	-1.24873632124736	-1.4096726477648	0.543749222387221	-0.00598698657748647	-0.404098627642438	-0.881164124300464	0.0874493519978339	-1.46413363233939	-1.72380163654241
"171"	0.90251378761135	0.141562627667821	2.33383437752136	-0.4564546047963	-1.16770696219187	0.0752921738988294	-0.169860732254674	1.37620352791186	-0.609681170343833	-0.12279445784663	-1.25555762440071	0.265013456992953	0.392893489137187	0.839664038597246	0.497481620531989
"172"	-0.797661503896138	-0.648386341948984	-0.0171359871246906	0.295660396321609	2.78575547295177	-0.310839638183913	0.363992471837077	-0.868017394769264	1.91634116565721	0.873741313563247	2.52036460193396	-0.681347783938342	0.741077506329441	1.63714776060632	0.13472719502852
"173"	-0.441111511660845	-1.01491668656987	-0.979516085336844	0.808288098260346	-0.0268882544271757	-1.08320028574777	0.20020233525934	0.436144563576925	-0.596169376336348	-0.148748075122284	-1.36217994185982	-0.386879541060272	-1.88509991768449	-1.11886997798189	-1.6600727392804
"174"	-0.205748820618112	0.121287532611353	1.58069035575567	-1.12430965695761	-1.4365168440273	0.280366320089932	-1.67437682308609	-1.78263195273736	-0.354009920392388	0.0981560059511142	-1.43089418139693	-0.975367839266166	-0.873333769978803	-0.281097815721399	-1.07832041829771
"175"	-1.42629122964743	-1.99049522189205	-1.38151804336403	-1.10496486423836	-1.6846025390722	0.123906084679166	-0.751849626353737	-0.285888379444715	-1.92578047494522	0.40150628534936	-1.95102330415932	-1.69847911718187	-1.64356574698501	-0.991765175187037	-1.57461454355129
"176"	-0.0488766042320192	0.422723625785856	-2.84804570851082	-0.764693888879757	0.203854174891411	0.141748946059897	-0.343369689847955	-0.387738004230152	0.484322221519609	-0.865932922111225	-0.325194906833193	0.721128004393314	-1.95180699881689	-0.336395376127374	1.57711533972433
"177"	2.08756679468419	0.979947046553197	1.43885714543119	1.80584014655451	0.683672811251299	-0.101730014499372	1.61504688568829	0.937471734028124	0.977835831336967	-0.990170436310256	-1.72712259484013	0.0670422716575245	0.632970887092447	0.488122881470369	-0.515026314245524
"178"	-1.04070777122827	-2.00619553980097	-1.26054016686562	0.0122066643173234	0.516667739410091	-1.51958358038011	-1.08559998124335	-0.712787128239139	-0.366652893739473	0.21275763805292	0.510920405221804	-1.54744060109563	1.2898996667593	-1.30476024038241	0.23484343352842
"179"	0.121688221655316	0.818855603619833	-0.151664173896281	0.849628944586906	0.40055172911702	1.74966761094862	1.16460503894382	0.619424096763083	0.0118393437886023	1.09679096983762	1.10075783498649	0.75335826277599	-1.68717125721917	1.19150445298929	-0.141354633616824
"180"	1.35407556553668	-0.478702216291066	0.0291100036617964	-0.638137246619441	0.406549389087844	1.26741063856089	1.62225567094561	2.33174722253929	-0.344665927704415	1.77336001190871	-1.26805940085953	0.900090628460248	-2.12911099762275	-1.47995477585564	0.287752261724503
"181"	0.807739907061457	0.339934817615008	-0.755990116421698	-0.521027785104812	0.95921036735731	0.0792106272852452	0.452684855339692	0.900896474078386	0.773649924695959	-0.377358890474894	0.675927892950837	-0.0123142072931067	-1.49510329808303	-1.46165969657232	-1.02531804597261
"182"	-0.697628907968091	0.971229946593581	-0.517364950506788	1.29093909937398	1.72749208030043	-0.128856966867113	-0.134946268795472	-1.04590605190457	1.1642549232381	2.14968112789825	-1.36592275471402	1.13254359510081	0.631892541195021	-0.265039554559023	-0.594189828054155
"183"	0.54391496133195	0.199372717013679	2.64389933431245	1.516254765518	2.57869852752267	0.140582047690771	-0.579037844588111	1.95143823605294	0.621617453737655	-0.579455641369872	1.84485123722194	1.98726690894363	0.671544015890799	-0.295456483114451	0.147231863187907
"184"	0.788288147192673	-0.139484667811354	-0.413609389095445	0.314183838685412	2.25604978595254	1.72096298806821	-1.12209639028339	1.19251069585996	-0.447542257288432	-0.0922367462966781	1.37055129042728	1.32129651559052	0.123792186009509	1.60122028999293	0.268937177787196
"185"	0.100313863146304	1.17969013879001	-0.409585776996797	0.19034507027569	-1.29176585318026	0.408710461417303	-0.460905915781418	-0.426532355173165	1.08337576254135	0.819221140340182	-0.253989677802509	0.657948417542643	-0.677208056996905	0.724006995201402	-1.13283114227694
"186"	-0.657495512133932	-0.805595413333011	-0.103267695868812	0.237454680647722	0.479738575747445	0.855141773224516	0.173120543317422	0.698942808419124	-0.325994742136183	1.36412952647076	-0.425859881088699	0.767409311511783	-0.204883381441149	0.0147443359595068	-0.0527426237732373
"187"	-0.0976528824257107	-0.122961498380591	0.0390567822874219	-0.789319445581901	-1.02020416045021	0.626033266432635	-0.677004762516355	1.39655342881706	-1.00997080199084	1.21726482901503	-0.316138637544256	-0.657842577519633	-0.00450157228059543	0.0033408707297853	-0.581219334067352
"188"	0.185653185922611	-0.766732310959008	-0.586131424128875	1.8275163680379	-0.907130839504019	-0.957804171258022	-0.0702980606109705	-0.89211235523334	1.51601404787396	0.0348086591681787	-1.64792353761359	-0.276781865882268	1.82652446615964	0.576917778539941	1.8322391521536
"189"	0.728879917260434	1.15270642317742	0.761381369854976	-1.37706552322401	-1.73257404037113	0.76926499906482	-0.434619598575239	0.227167233786545	0.145661032774004	-0.924526608244987	0.98066118643137	2.56229743194417	-0.676819823630404	-0.455331065339176	0.193464523915329
"190"	1.93909262967326	1.87118178372932	1.53405804322171	1.34287768568681	1.74618902898494	0.574572868673514	-0.605935328910001	1.50620646239248	0.993075340103582	-0.660894140900006	1.80740426299453	-0.0151882615651017	0.241916013489353	1.18794630553725	-0.564188452771919
"191"	0.640851814445265	0.872523015743362	-0.431470607096524	-0.993833724389162	0.837592150680271	1.19834201056006	1.29956762619667	-1.52723854879669	0.0278417939923951	-0.550434191910562	0.380842194208338	-1.45936364899626	-0.556058829779136	-0.457053509901477	-1.24328950715936
"192"	-1.88583530041702	-1.85934098253178	-0.496077460205472	0.145818386700131	-1.12805937071821	0.535748251450527	-0.684538402630737	-0.291835263303764	1.42802598196713	-1.07623390131867	-0.278999354141102	-0.45881546415451	-0.194241154614864	-0.544416831346994	-0.436187816286855
"193"	-0.992879962517982	-1.13692502245395	1.96196647927068	-0.562024596617507	-0.222605486157406	0.381093626096602	0.724881528807171	-0.291440751972477	-1.19182232981023	0.893850276085849	-0.0616780582665394	-0.649150383902051	-0.121230891582484	-1.46470410674636	0.831085904153246
"194"	-0.32925439726922	-0.111499943933691	-0.370801831527973	1.01541427376558	-0.919059518734901	-0.824328380783035	0.853881824701731	-0.496204707207538	0.51824140266704	-1.39759662425467	-0.234707985409332	-0.621558524280096	-0.0692362866421742	0.269723099636729	-0.576270366633004
"195"	1.16735805497523	0.0891095732463749	0.355298632505248	2.17130779534765	0.499243397457774	0.17588116194202	0.399362525992584	2.0234167572074	0.840862681878458	0.612695380324898	-0.268781933016663	1.2810378375006	0.384862930121318	1.35639047769021	0.539015899070647
"196"	1.89790053343406	1.92802270447261	1.94960505808568	1.25294950185563	-1.48038236032713	-0.105432794427415	0.452404346110776	0.472281499483824	0.541330232413119	-0.801645394155918	-0.899808182431281	0.645373692832632	-0.780982287285719	-0.665995497981271	0.949923120244088
"197"	1.38145111981601	1.53793761900853	1.29979087805469	-1.21439244428738	0.091019728160734	0.153567887928065	-0.733437876864208	0.0243510116508851	0.625686697950123	0.394053286067636	1.12515973422347	-0.190463516273978	-0.58698051614721	1.18440573107282	-0.569035354192128
"198"	-0.187017232586432	-0.430600258379241	-0.111107811046377	1.8309045855148	-1.01932498137121	0.0282352776855155	-0.786206436198829	-0.406927307965376	0.299845164373544	0.790599587614604	-0.338182264077505	1.33423585234488	-0.197033033825499	-0.317289473399237	-0.139997931724094
"199"	-0.761444843655912	0.173855959097292	0.396825650862728	1.55940220424857	0.401732589390489	0.789764153206457	0.919010342720211	-0.237970497089461	0.317730421933924	-0.936027198782351	-0.0382500976344066	2.05618633307309	0.345273078305797	0.291374738229425	0.307201197000556
"200"	-0.692228831099015	-0.844068476735752	0.907198086336114	-0.0905226505051362	-0.117837952043129	-0.0638567308310232	-0.878648747984081	-0.0662133424309093	-1.72699678037517	-0.379404915710252	0.587448681709239	-1.37798198844279	-0.798182629525609	0.00153068171086349	0.636759931359325
"201"	-0.23386806492746	1.84175527109691	0.187356147220656	-0.544648518676283	-0.146021262807998	1.54044300578825	-1.51925855095112	-0.287282241776487	1.45684816752016	0.827329675169429	-0.215779293468682	0.834497657973648	1.22921023673124	1.02463075465141	0.162210503590598
"202"	-1.93866341642617	0.0900128831023682	0.379562101229466	-1.30927953489893	0.164938071118828	-0.646446233839396	1.17322652389956	-0.039725474931216	0.373479011233398	2.06694469294436	0.0184308537011135	0.154245075500001	0.649901129536203	2.47614062378748	-0.034401963513427
"203"	0.826757208078651	0.806991527412828	0.645723378489133	0.305312052566012	-0.313221349994183	1.1075253423762	2.02958346847658	1.29519902239269	0.497377812414642	0.0550970579207698	-0.219441581163893	1.07755400037382	0.434556884326457	2.36458738271242	2.76575931820876
"204"	-0.588027887737534	0.326162841540375	-0.898395548361709	0.606684408402	1.41056097634897	-0.217886541685408	-0.515085807822369	-1.15859737519079	-0.233297167049033	-0.181178654095328	1.99744797100741	-0.349727354393144	-0.592487910858428	-0.12057594547426	-0.788413961659888
"205"	-1.631781264946	0.265598588101737	-1.09037037490063	-0.408129947150434	-0.679105180220137	-0.0524999064432503	0.368627452321576	-0.741952662306854	0.523932531924274	0.497707648461168	1.18184938352937	-0.54669368171674	-0.695430736152093	-1.34288486317098	1.43772541831108
"206"	-1.26246291208776	0.11938947056509	-2.10911790390214	0.141925785282382	-2.21240162343654	-1.6734738986058	-1.74459637503686	-2.60762441667547	-1.5487983220367	-1.55027984207155	0.047964282326367	-1.56322756628237	-1.68986127419932	-1.03418120820228	-1.54721668473419
"207"	-0.527956097260278	-1.86099301757335	1.11082565774138	0.209961760709141	0.879091686718013	0.000220122021384644	-0.988719519006561	-0.607577743709873	0.0800217371868617	0.101958106511502	-0.321969566131105	-1.84814074018464	0.427565983622346	1.31092665257146	-0.381800201635155
"208"	-0.295094141615366	0.0820456796073938	-0.010755114769006	0.292876039799517	0.464740396267114	0.533358389373734	-0.143335140048492	-0.733336049947335	0.262402437537816	1.44359052825447	1.97322757094292	1.27761416821126	-0.691257597854939	0.918535124212489	-0.120243378065576
"209"	0.376218738952329	1.55898188921637	-0.983329304013222	-1.10400918840576	-0.88448458893492	0.0042601830910039	-0.04016986961679	-0.447925587435491	-1.03767885327928	0.495689751994606	-0.204215199927749	-1.02546999027291	-0.78876186873179	-0.485692524649106	0.231911793175981
"210"	0.239690795606327	-0.215762799595427	-0.757138491867438	-0.315458098131467	-0.595271684197555	-0.0411383700535967	-0.717045557352546	-1.02507966123073	0.907365732034261	-0.498363286224845	-0.840414157262868	-1.98132041583237	-0.577504780103526	-0.0359517089628214	-1.69747263591357
"211"	-0.442369905739584	-0.773286848688561	-0.666221674899529	-0.223669520582311	1.88980361430613	-0.51625068398045	0.452370147801139	-0.865134802220074	-0.687680547792501	-0.337353330653408	-1.30046758346339	0.653833627366771	-1.25705872946639	0.304837327486598	1.12254146819094
"212"	0.287369061697744	0.468958508640153	-1.45780254810023	-0.7169857133416	-1.52971864095634	-1.59724662198878	-2.10269709207082	-0.334947843385957	-0.834778146129791	-0.795488570541135	0.805638438838826	-0.0830227951711169	-1.28964876622916	0.633008591864142	1.20384983671143
"213"	0.0978266923134418	-0.319726580931943	-0.0993747082490739	-0.0950176187523714	0.2983336684117	0.294020126566744	-0.0122093670745015	-2.30370540395269	-1.72838549207815	1.62152581313286	-0.166885703762522	-0.297345858573822	-1.7815635383276	0.674973667933278	-0.757122292691599
"214"	0.768899108963886	-0.131779599765282	0.32396208754059	1.66173316356121	0.914737978274626	-0.309897307479865	1.51098862186648	1.56047488218253	-0.616200541065673	0.766938955470778	0.992931748478991	-0.00446371430626883	1.03405492517158	1.16287399179988	-1.26091092470193
"215"	-0.644075188837101	0.314393497962845	-1.57957246390682	-0.151572121595428	-0.295359005870855	1.15739797413091	1.17301023236135	-1.5865800374706	-0.373721867697709	0.817695531136917	-0.293782572168608	-0.63040896349242	0.336655583527667	-0.231584828719354	-0.055571230966292
"216"	0.312121033451923	-0.584431212010385	-0.40006393022869	-0.24546323461554	-1.96427055653458	0.323050189736201	-0.0678435803436514	-1.23704172730683	-0.948564337207656	-1.31199945553153	-0.188045912002408	-1.92000161995019	0.0179444894423482	-1.2738979771922	-0.535224141697342
"217"	0.716578668156231	-0.955556373386567	0.139318164895721	1.63586334490856	0.0642581389355514	0.101810796862787	0.415117708273781	0.879031492760283	0.600625009178633	0.420609455822177	-0.417450869367463	0.110867091553372	-0.616106919259632	-0.505435033936368	1.19848700223972
"218"	-0.271291181364923	1.94476455552608	0.757289746940373	0.258169282953693	0.931239715394741	-0.102013171429511	0.841748109464964	-0.0159072907993319	1.19894565899331	0.374655296834516	1.58629339174739	-0.166328543854823	2.26646374632095	0.802415210223061	1.29610530819894
"219"	-1.13889292542268	-0.964978410760421	0.143019988009305	-0.295100581507135	0.379511337765412	-0.249598100037444	-0.678263828374269	-2.59752244456106	-1.03794097100709	-0.403704804923861	-0.446650545636834	-0.11273301346008	-0.363023564342528	0.598465137389067	0.333757988772398
"220"	0.312991948216464	-1.32766558203034	0.205950537639028	1.57517572454638	-0.894152113597909	-0.691662287429946	-1.45031922805539	-1.86055237477257	-0.643714753005438	0.191702266416426	0.735984855024741	-1.87104886614877	0.103402441192579	-0.892147716964924	-0.204629989118198
"221"	0.24602914903661	-1.91311476098987	1.05326596823302	1.27933520704935	-1.90019210691845	-0.75803781872384	-1.17526920391359	-0.479924663809111	-0.800052486954981	-0.948465320092894	0.613216154678227	0.328767808122626	-0.141374366521887	0.418311639375735	-1.16311884425701
"222"	1.18925205905872	0.570171490253668	0.853872565193248	0.965757902994214	0.617978956842638	-1.74028814747048	1.43603457940614	1.98002884187239	1.30039025927664	0.952032517359472	0.145206418824764	0.638724150500233	1.20459235068159	-0.288400672376528	1.14661225926363
"223"	-1.27307464643958	0.102668812841835	-1.93324837413573	0.356117054341897	0.0462868635984814	0.940732947723772	0.111667485196611	-0.40024295021951	-1.21519597260638	-0.705809997448157	0.111512821428953	-0.573671073121619	0.130961879139908	-0.161950349763116	0.649510579508214
"224"	0.223634935992822	0.758625414264695	-0.61128039967993	-0.503268967849064	-0.548074452749099	-0.636293942236574	0.417429113316117	-0.0384315963324093	0.840972785706156	-0.903716363212441	-1.30848111296087	-0.430596416661831	-0.544723283587419	-1.16690467101861	-1.10555544463027
"225"	-0.520266250443992	-0.793084844464618	0.431964113114099	0.15293478648029	0.186570390807773	-0.0252226434490567	-0.00778006148682496	-1.72265154285213	-0.129970012018184	-1.53780088862809	-1.53447449447592	-0.722518315888157	-1.39455942480562	0.218861346260427	-0.68902876060827
"226"	-1.04247932976287	-1.02558214606892	-0.8836077526809	0.3662942065467	-1.05023943975275	-1.79396313559925	-0.972393884769433	-0.828949247526874	-0.74176010276039	-0.153491062532774	-1.02276936117043	1.63087399939134	-0.55464331058661	-0.490096168890662	-0.0976092237303808
"227"	1.24134769744488	1.15585216901478	0.448359928622477	-0.640678939557604	1.29539504866714	1.37052615311953	0.764997159328492	0.850957542589906	2.09300482427136	-0.726456544154182	0.122799418434074	-0.30764741628088	0.400054557249919	2.2524232425715	-0.346307876481166
"228"	0.131666296813566	-0.248665784764987	0.157889780381562	0.502748940959845	0.0858308241926766	-0.731650746609534	-1.11559018593066	-0.0164192667448069	-0.412521535563062	2.24556386446211	-0.160903316059099	-0.224416898978932	1.26207658380424	1.34457773919068	1.02735688251873
"229"	-0.061484614662553	0.00776903410814929	-0.212737212688314	0.990488786155391	1.76422573150368	0.158029317989762	-1.25544010491966	0.786035022279671	1.90466501865153	-0.580843914314339	-0.496009429070751	-0.302043283823257	-0.505245121245077	0.288415630591996	-1.265364102975
"230"	-1.24517186912529	-0.757789341562046	0.942367747719281	-0.610025400482348	0.282757089623513	1.34456270545953	1.21150901297694	-0.749370083857153	0.971153662389626	2.33505812497138	0.124560003743144	0.798210828740426	0.265560841445324	-0.0990588212956633	0.218936448736459
"231"	0.4699851699854	0.727312776601006	-1.54462882568828	-0.878590198485237	0.195117721210982	-1.50100445813342	0.766198511068688	1.29001261575286	-0.645255285028728	1.57412042737032	0.841298631922789	-0.507050200747361	-0.575056971188599	-0.7550842384774	-0.689584591933486
"232"	-1.10313515500235	-0.00897305046260721	0.290125171326402	-2.19322884051525	0.073837790771823	0.413895152035691	0.0982948753826527	-0.0580228640577293	-0.167442551818444	-1.10065549697514	0.0953616446912492	0.505220678554583	-1.06970513319368	-0.343576116792539	-0.456324977672967
"233"	-0.444239046585818	-0.107775115646238	0.8027015430868	-1.6540856223165	-0.220688114847178	-1.27574227260953	-1.85342089960845	-1.26735099906433	-1.63321945687015	-0.759884602453877	-0.0520420823001987	-1.75948407174906	-0.0177458787837314	-0.887349033257291	2.3027576461867
"234"	-1.67287668098418	-0.0628857558138869	-0.306908820575154	-2.39703256665041	-0.8636648599781	-0.00608605032510653	2.13107417425747	-1.4241591096421	0.160762692611186	-0.0650050143088011	0.248911817190642	0.207858742955475	-1.55913918226333	-0.581277176181291	-0.479539713839115
"235"	-0.635817410336861	0.615581078387868	-0.0983582546396008	0.531756942435466	0.0103359689157984	-0.444536791888212	-0.136880689781581	-1.40833422192393	0.786997504556912	0.917291213692111	0.847815111456732	0.847064394966985	1.67332446126432	0.0396977291445141	-1.21056313184594
"236"	1.03010476791579	-1.42460759681534	-1.49365418702669	1.4223101745828	-0.832509064702303	-0.883359647768494	0.382962562902112	-0.929722622023504	-0.826203032156798	-2.56517847471093	-1.26883172815155	0.309928584650711	-2.25783851354541	0.374812885855153	-1.02801310355446
"237"	-0.241951848357448	-0.626560335299998	-2.52647908965778	-0.782039400501389	-1.21875688822867	-2.46336797860417	-0.325842642279027	-0.629665477444316	0.247644630497359	-1.0705637862809	-1.44458658012223	-0.450020218625327	0.19968713627851	-2.47619795624972	-0.59488797027505
"238"	-1.45510053815293	-0.979328129940969	0.136039588269846	-0.441980579415511	0.0441365837876038	-0.228314278313185	0.614913759914977	-0.0615557539976431	-0.36463227389206	0.801025262764254	0.762909859039584	-0.412243298894623	-1.11392019053103	-1.68908151336687	-1.67847962336447
"239"	0.215528306228562	1.04417068514635	-0.76216237050922	0.0302823049382292	-0.22962439416072	-1.31233520374034	0.963705685544909	-1.52807673980545	0.59350625353431	-0.755515340434497	-0.498609549342603	-0.0326778327775779	-0.933661686486548	0.427513857536829	0.354499241369933
"240"	-2.43908752873585	-2.58700272156211	-0.334638371124789	0.793299186734651	1.78970114986317	1.4862405689867	-0.40265325572569	-0.0788961167611997	0.509177410227026	-1.18209875288277	0.238235334770464	0.718476441673452	0.144896596968357	-1.17308595220629	0.55626439946535
"241"	-0.930208052658172	-0.342044244890858	0.469641259089468	1.11008771372167	-1.515305641472	-0.536900736445483	1.13696012275177	0.0027916617465722	-1.02455597492567	0.890398672973425	0.147479416780433	0.142981753894959	-0.288611937124709	-0.680554099154629	-0.566040492154597
"242"	0.597205942773243	-0.426919077895294	-0.480373370781622	-1.33583020424017	-0.235255407123957	0.35655379926205	-0.312098272426376	-0.554036408512694	1.72348966010476	-1.62949912443537	0.484168034027965	-0.533409770929628	1.3882281766815	-1.23300002155327	0.54855530534039
"243"	1.61935987173776	0.152210957504946	-0.779268250787317	-1.60021451729892	0.0684955080367089	-0.304096555528961	0.407671459498405	0.428783478054608	-0.0110914998218805	-1.10006372991264	-0.522062742914666	0.377890213740674	-0.850536436691857	-1.09788197697211	1.07477982641072
"244"	-0.156126737308474	-0.466734102902548	0.152481284318272	-0.758304420352809	1.5978873733239	1.4912657534676	-0.105509729241983	-1.22260187512729	-0.53063400627643	-0.0752841972791745	-0.610598666169115	-1.33117500522405	-0.521521601366403	-1.47259081086207	-0.425661230227345
"245"	-1.22212981332908	-0.112806624578049	-0.1068914981053	-0.17381145846627	-0.863085446278854	-0.306950170633668	0.382093776658628	0.242475993009669	-0.302519916031347	-0.193817497790871	0.124326630634263	-0.536958669582738	-1.25473963984873	-0.584939175391282	0.244954495628073
"246"	-0.243271658769736	0.268626705682247	2.6305531751498	-0.380949415712917	1.06110404892858	0.228853458836051	0.78760087064092	-0.1763457220896	1.60581119392619	0.513496378679748	0.466341583448133	0.76420721233209	1.22664568213046	-0.458568718641111	0.833925908011663
"247"	-0.72695509044394	-0.882817211349676	0.935541592763409	-0.704167635697064	-1.23418577239978	-2.52342356618516	1.04666939483974	-0.556004463856334	-0.165071054682089	-1.09748500728944	-1.42378148012769	0.200087795340865	-0.267737040737113	0.356733287596147	-0.245307672284408
"248"	1.67502261805378	2.39991915904565	1.21656263271712	-0.667616112285136	0.224668228946001	1.71353689942754	1.25575672947906	0.91563322174859	1.75597614185434	1.2137282416325	0.58431858905649	1.06514062024708	-0.254820533838072	-0.377907381643466	1.73557089506447
"249"	-2.1979430542756	-1.01378871289468	-1.12776495493639	-1.60254503318179	-0.614514371741587	0.759673055373006	-1.17208273519299	0.82028700367997	-0.460855829530836	-0.145558477577532	-1.08075870337485	-1.68016743440671	-3.07468476849595	0.343071745707693	-1.71845583795131
"250"	0.720698528486347	-0.606208138766249	-0.1243037139109	0.77113842994814	1.32200124120518	0.558382320077887	0.125416169707975	-0.39603340971639	-0.763200357475189	0.547057380372301	-1.50477439781731	-1.12014587058701	0.214440316366436	-0.479363567302476	-1.58017265305847
