"var1"	"var2"	"var3"	"var4"	"var5"	"var6"	"var7"	"var8"	"var9"	"var10"	"var11"	"var12"	"var13"	"var14"	"var15"
"1"	-0.570432906190381	-0.77373617530261	-1.28026669708635	-0.670421543500824	0.681726196684435	1.79811785308712	-1.52252018668246	0.11809718190645	0.15917029280973	-0.618113138491325	-0.572696661583464	-1.07209298027307	0.225813127249569	-0.94701864703736	0.575332621723111
"2"	-1.14839026627447	-1.65421451411364	-1.85952131997733	-1.51642692731395	-0.942304958539618	-0.813459318246944	-1.73084418073989	-1.81193644893455	0.858015715259011	-1.92476037209684	-0.448966699559201	-1.728731823102	-1.39907562603997	-1.49462961144045	-0.971511135371534
"3"	0.479976108827776	-0.718889130477717	-0.348120122477517	0.841461127752712	-1.59976697114493	-0.0377597216094323	0.849233269454646	-0.552802471961656	0.366857940920994	-0.67132858084086	-0.184512707122525	-1.98561082240452	1.17305835412916	-0.498261075179383	1.17366909197687
"4"	-0.847100282195648	1.13622372261304	-1.17438536848349	-0.648451076465218	-0.866788415366216	-1.04979590040708	-1.52569966876856	0.0145868039068244	0.208466760884976	-0.0617606784955786	-2.5158550047808	0.740978282173911	0.110810408619013	-0.399535913386299	-2.09610880977724
"5"	-1.67640714343777	-2.04475193163056	-1.15754895811654	-0.984852738922044	0.483766807330739	-2.34373172426019	0.833035987776639	-0.529713133162744	-1.27157095929067	-0.037655682868949	0.285137417121224	-0.244550149444973	1.07084042158879	-0.107625077927838	-0.89100900415725
"6"	0.0390386039957605	0.122397412498916	-1.79781977466503	-1.02671654438544	-0.0215932078490539	-0.102947409077978	1.6190494695945	-0.346308077931038	-0.131380127465823	1.44596809946725	-0.111030137690579	1.44704162665529	0.479457768810185	0.23076931722456	-0.360244864984991
"7"	-1.43261526044558	-1.3555257909924	-1.09758200180736	0.441883205329863	-1.57542627884139	-1.72957290128874	-0.515980979131112	0.403844849208073	-0.541160862814116	-2.23512341078828	-2.09216120560119	0.047749216094649	-0.813537818579292	0.402659799132862	0.054024250827127
"8"	0.5745939923921	-0.0758172481716214	-0.235022280346102	1.04132023265414	-0.808121210776129	-1.09897107439236	0.447105409716322	0.61206738420826	-0.0495573263605802	-1.29343274619985	1.00966743774904	-1.22737140880269	0.478544292911002	0.651466298704908	0.494982690607445
"9"	0.247332193430955	-1.28845533212462	0.610507906895345	0.0156238987512191	-1.44312978479417	-1.07505231530033	0.699490196468771	0.123482468484416	0.636969524932286	-0.296384985721857	0.0520808393582923	-0.653024724744535	0.519293776318685	0.118552737763116	0.530786152167262
"10"	-0.768277067401907	0.807136719529718	-0.83047713826519	0.196815585391269	-0.712458339045312	0.137949141417186	0.414080054798267	-1.00086631509769	0.761004252901243	-0.239872482559924	0.607582437205191	1.32653085631477	1.15883206471273	0.373757844980378	-0.805797081487091
"11"	-0.860238995707455	0.183372227884971	-1.0436906847929	0.814139368292813	1.03904351174119	0.32424623379069	0.648914162737768	1.0091245575666	-0.481948145463412	-0.605968432308225	1.61130924367635	-0.957039975652844	0.403658477654127	0.148884268748661	-0.234262235892368
"12"	-0.0123461234702643	1.17395352925686	-1.19568369084098	-2.45429301485324	-1.49771839230669	-0.799317926742361	0.22114791924846	-0.804365294738783	-2.8668458489425	0.147010995518998	-0.588266704762017	-0.505982004817796	-0.174035760742225	-1.72069054652057	0.807710598515287
"13"	0.909159142241556	0.840759208268529	-0.350092572235464	0.635532328321492	1.26070238292818	0.97650363803808	0.289961591140499	-0.308713074136792	0.0538186583447394	-1.31949860804202	0.0678099108804394	1.24173669656562	0.838489328899717	1.85015637548883	1.92881403835363
"14"	-0.0279641264271886	0.366139937046808	-0.113151832152818	0.814056558026542	-1.37226816028065	-1.30235418243985	0.420363661009562	0.329256175579013	-0.868044630860939	-0.681061039460616	-1.25751763229173	-0.201546105086079	-0.695102907921727	-1.99162218239876	0.164034567341314
"15"	-1.32028850910494	-1.14771743523057	-1.07536230066425	-1.34481511113174	1.47754766276606	0.844878910436222	0.315219844873402	1.3846820729766	0.67368748456011	0.2844808956904	-0.874705740515355	0.586329598113344	-0.172444740490456	-0.890942201105484	0.0120632911236249
"16"	-0.164040437429158	0.123287721009764	-1.66321816670084	0.379296980066463	-0.7015504557428	-0.563870642438968	-0.884761973159011	-1.13445673907507	-1.55037942776072	-0.679929821411404	-0.766350335529958	0.712658694137626	-0.630861933254043	-0.330436948844489	-1.57131835214895
"17"	0.311376458437687	0.57237486702422	-1.34848529443178	-0.12609969155638	-0.0165651772517158	-0.843263035899746	-1.3058171102132	1.45492965452145	0.903597248132886	0.873909959316561	-0.692588036646735	0.11376071854715	-0.945148637818746	0.596681219904218	-1.04103450239522
"18"	-0.649319224315148	-1.13811682154158	0.515895008829538	-0.856933651494729	0.902696572015058	-0.653681919959364	0.97519427643186	1.3609186134172	0.790563732856243	1.72219127285573	0.394146986124276	0.882654214969181	0.367817195732824	-0.706393942873163	0.595719415041836
"19"	1.48029113789884	1.44867774124717	0.0378999033581784	0.53676549832116	1.0321386630204	-0.538563190211688	0.582327862130943	0.745250839117197	1.23394140231481	2.24237578905248	0.160391371951573	1.25181441741893	0.58511074463895	-0.481257806032701	1.54767021699685
"20"	1.06781498838185	2.04175795205983	0.703897084438511	-1.46636414880308	0.404181723431916	-0.728453812272299	-0.44781106706196	-1.19658960123237	0.509385587137227	-1.57811128364983	-0.519494734968374	0.445149549916419	-0.46519840276854	-0.742619371781492	0.283424028748582
"21"	-0.755471773660882	0.723852546408683	-0.629983776516282	-0.316009310256129	-1.13851024433411	-0.261471673648274	-0.595213001864468	-0.00246689189454654	0.626755981288694	0.690916418696372	0.645385639432689	1.04348654089364	-1.07537688581774	-0.397818313469067	0.469733275696803
"22"	0.393920842423469	0.807658772766039	-1.54045746602113	-0.705638444491167	-1.09261486116031	-0.179611004000128	-0.727274468736977	0.246226429973007	0.385187062810578	1.00566903304788	0.494651544337724	-0.766437335099404	-1.15021714427505	-0.131815825254735	-1.70535379737397
"23"	0.370024977934499	1.73374197939664	0.660142261744341	1.14463696989604	1.09224392131269	0.630259731124876	0.647155036563713	0.249902993745992	0.79795727968377	1.15350930569678	0.840076503983422	1.53008066534487	-0.377312923235829	0.142346900241303	1.29195384782804
"24"	-0.43740839256188	-0.359559581373341	-0.0106867286051105	0.845612131281585	-0.591794468458113	-0.0484706713302859	0.0386093405163561	-0.538586887534279	1.16559785655366	1.12420109172742	-2.70991131736108	0.785711081287465	-0.655135734969029	-1.56178994130276	0.395628993430307
"25"	-0.745411517099654	-1.29483217062853	1.15208980053457	-0.337890311102999	-1.69704068662641	0.97195204368033	0.0108579881361568	-0.917699529600503	-0.0309719423116741	-1.4467773525345	0.808745014845124	-2.27003329858156	-0.976014948438405	-1.73425056387425	-1.31530909593639
"26"	-1.02322101789569	0.532353353102437	-2.4479267789111	-1.54215244547163	0.311737344964474	-0.0938084649763264	-1.64200089874676	-2.02897416919011	-1.23770523436627	-0.64473322867761	-0.85165948157399	0.170347558487859	0.175827312613987	-1.20575657951376	0.0801074195308194
"27"	0.625051904082661	1.35909895629976	0.545496460166704	-0.791708789821529	0.746665219793857	-0.0557120444587488	-1.00706450094135	-0.788545347572806	-0.0089328259615516	0.434540305510533	0.0664563254806056	-0.938898697758214	-2.06293882569379	0.0551311297116027	2.22351471348564
"28"	0.993394472909881	1.19190771702382	1.4659946307986	0.778954733810973	1.13952082526769	-0.108045312415473	1.40929641938091	0.0240963047998424	2.13641122966152	-0.185690274393133	1.51907572674448	0.511836708242811	1.11419167483309	0.303482839445479	0.12729067672969
"29"	-0.24792196915658	0.280362611826894	0.48369589143295	-0.763188408130557	0.748027603438232	-0.79646228329943	-1.01075673922684	-0.777942722740529	0.0980835674590043	-3.09795276277117	0.217164715187403	-0.198724625054229	-3.20848619888417	0.706264278817971	0.67438580683991
"30"	-0.160548239955652	-0.742429549068509	0.0627492772419514	0.724118183339732	-1.01107629537335	-0.576103096782956	-1.01344991617491	-1.22132832785796	-0.417697203386955	-0.389678496311268	-0.350275954535125	0.289040122562505	-1.69821201195698	-1.61613419794991	0.286874582755528
"31"	-0.136132905528288	0.707038527250719	1.50636441501159	0.71118667017842	0.646604794437327	-0.0581472030942323	0.806428411723184	-1.09175903473227	0.486364421180718	0.343894766486231	0.173653678726644	-1.10513683473666	0.127790027839355	-0.126050125248519	-0.718685915058914
"32"	0.159495072193336	0.172776027357306	-0.958355328115688	-0.642586841662812	-0.606677681371305	-0.91193187331515	0.0932402280804618	-0.729760996748691	-2.00529243459201	1.31660048218232	-0.790514512850379	-0.086914108876332	-0.0649136696354008	-0.0371441024674775	-1.46927254923584
"33"	1.63259947473837	1.8899212847696	-0.0264241932686919	1.2196759339174	0.413257280317109	1.15296126669438	1.32968547513161	2.06685442214688	0.0538992991948572	-1.01029944205362	0.861781324931218	1.09889171519768	0.603822485655804	2.5549679928881	2.21274756072603
"34"	-1.0313352525173	-0.030562091802905	0.165316790577021	-0.412612150598598	0.614286160415105	0.0231087608735761	0.972752872506945	-1.71344360844761	0.0649850564280815	-0.0901887126541549	1.38087993401273	0.80046599343231	-0.37986238622019	2.32663459702563	1.16506224663024
"35"	2.4191996839803	1.14643324199694	-0.0530791759202415	-0.344507638678996	0.815635720318613	-0.246721507215846	-0.98521830644323	0.589813499000924	-0.291097260051916	0.669332303950345	0.73792151342105	0.0197903151026805	-1.27985923953266	-0.213452802493974	0.855868602472312
"36"	-0.547559833161861	-0.828815355344853	0.453412940250857	-0.254085013467496	-1.21259119073998	0.0874268647976773	-0.0115750593378069	0.553900227850227	-0.655380832422168	0.829940852696046	0.954472024991433	-0.548870306410372	1.21355145907049	-0.294690849101526	0.478538464558069
"37"	0.031362664577912	-1.66594090844052	0.0267374210521896	0.839373822959132	-0.0205212967172846	-0.0476784939220461	-1.25528055341095	0.212742407332444	-0.758885716154995	-0.848509184296243	0.389393752185314	-1.53393777568935	0.890643206294021	-1.48156779982602	-0.892067887510254
"38"	0.924870096759958	0.338374855000695	-0.210854833143958	1.28385547079471	0.0860787651881995	0.20593999151813	-0.763900340056097	1.04570690369971	-0.997552101043559	-1.74243680179253	0.38125867979615	0.219381409456812	-2.47148240075323	-1.03147402578537	1.04037181685273
"39"	-0.637752881624875	0.167384669709624	0.194491682197752	0.202642381582644	-0.659575930587827	0.532557582788939	1.24230820989126	0.313968746776295	-0.0463714252222842	-0.895582663133022	-0.34346116264741	-1.14061660731901	-1.64643523066489	-1.01187691207733	-1.47875173725159
"40"	0.271097128063304	0.729134097683642	-0.257833005120454	0.332134953537608	-0.436494031316038	2.05022981222656	-0.113846578945746	0.26897867275742	1.69575557050629	-0.216597597883943	0.225624077452111	-1.20991903179899	1.74535987465992	1.34153865485071	0.300647953208499
"41"	0.651304783529984	1.17595284203813	1.05755478417812	1.15862738124364	-1.23697461760474	0.751712515626871	-0.126572331618907	1.45851678720021	0.374743731653092	-0.47618375143738	-0.232224451154273	1.25135420680107	-0.901815291616407	-0.215679133524677	2.04598677867216
"42"	0.260676815042934	-0.76236973869082	0.861595891727512	0.342087374630017	0.141442205761302	-0.905532267050118	1.86066108598694	0.870042140209805	-0.493386393322587	-1.6959508445122	-0.518972670883012	-0.159749085202239	-0.457383037073074	0.86170365706665	0.616497016399992
"43"	-0.0570260541207805	-1.35418891146131	-1.36231092503578	-1.93886551050006	-1.7704152541538	-0.346751940526807	-1.53578865841918	-0.458228012138425	-1.00815088023943	-1.58745831927007	-0.21812316648526	-1.55936970482068	-0.705123192464888	-0.589847097870495	-0.565653670104765
"44"	0.670449776042477	0.999307231586559	-0.209056401458392	-0.979926320714045	-1.17623553490594	1.87816699479304	0.107282152408825	0.641592634431489	-0.267720340086571	0.345046487613942	-0.940026397417024	-0.847707458264111	-1.75886177202893	0.306240869249759	-0.252392188881171
"45"	-0.980267344014486	-1.68125356900825	-0.509240750164493	0.157831004469764	0.137003014682893	0.183007552455831	-1.378917092907	0.43375709556819	-0.836831150198617	-0.263028716653819	-0.651256235168835	-0.66233747290595	-1.42984876605455	-0.561914817231026	-1.88880670733186
"46"	0.989084024473477	0.0871129386685346	-1.06486575679359	2.01416973786617	-0.786230512877052	1.19816520830015	-1.03075893342881	-0.912031169082053	2.04523900856096	0.433729676933223	-0.583915590401753	-0.0714196578508771	-0.0271499820237149	1.56260706754522	-0.796642427987582
"47"	-0.213823426548414	-1.06110980625625	-0.619919979550812	-0.381899610364333	-1.60166506971459	-1.14230939892793	-1.41527883182988	0.63848370224501	-0.534314101088174	0.254516159151645	0.696225552165626	-0.931026785268348	-0.567084970633895	-0.431192059532729	-2.36368731025262
"48"	1.66190980579798	0.713747553060811	0.628986548097014	-0.0450291514652429	0.25667127535959	-0.0610923584397623	0.444389829271968	1.12456134743633	0.699975169715627	-0.408354176692114	-0.616754122008816	0.109725102608091	-0.949654515110913	0.23021828131782	0.0531850915400291
"49"	0.146947361537729	-1.24154161572496	-0.715271074072044	-0.918909740822649	0.148532873826388	0.334251641486944	0.993696084522247	-0.439089186511015	-0.0199832649328278	-1.03111476169224	-0.681581148178765	0.204177538954098	0.360326992517029	1.65369397666848	-1.67958012984065
"50"	-0.995984948303981	-2.11954952829476	-1.86590621837081	-0.539514145998854	-1.1535764221055	-1.40587263233418	-1.01607950697366	0.818380542618971	0.355223801331857	-2.56954110598737	-1.10457680431855	0.137648657021174	-1.6849253279982	-1.30546173634461	-0.434409971682342
"51"	0.490976906202408	0.837970361673424	-0.0100065338786634	-0.708041575299269	1.29257021636715	0.0239777663601956	-0.459827654524328	0.99932869639696	0.315727061662455	0.128535647539119	-1.30533666025317	-1.09178954928082	0.107925075793027	0.636403616076292	2.46425571901704
"52"	-1.85660026860178	-1.70138465142307	-0.202747406639743	-0.3641684630483	0.497366390500168	-0.819260156348898	1.82689160721993	-0.474660196020489	-0.613427748765502	-1.8493724251065	-0.172257512564448	-1.23327343746641	0.637322652752472	0.0573619333812722	-0.984719569602869
"53"	0.859210425310112	1.67659582532618	-0.507487136261197	0.408473261711889	0.565195352692065	-1.254452260693	1.81143963554104	1.78261806527611	0.673585173575011	-1.6820678239238	-0.895486473821455	0.526371883153551	0.415821768417489	0.432984721225442	1.31913350300722
"54"	0.530845890412555	0.921078832280973	0.591154100300924	-0.0710361225593817	-1.01160463851631	-0.281188114071949	0.0429100905025408	-1.45203810257392	2.15544278593968	0.42265497927669	0.567306340705875	0.701482937588001	-1.16963410204344	0.11527717022429	1.50605641318869
"55"	0.0540160399624032	1.56801928448001	-0.0772167230499434	0.74585634479062	1.83450797202803	-1.40731122875234	-0.975312755690094	0.24525236230759	0.439940036737093	1.53605852558164	0.521200771961209	0.779742818601766	-0.0818352182169001	3.25256425006751	1.2976725431467
"56"	-1.46022893028706	-1.61246855360622	0.373540670247529	-1.01656263330751	-0.847217438371782	0.32743708713843	-2.13408969315606	-2.08523273882746	-1.80137422365426	0.140665874705699	-0.364986764659091	-0.495315525351637	-2.29546537338739	-1.03147433770423	-0.153561963786209
"57"	1.61909854681175	0.493874642032599	0.576164252578801	0.662523605046549	1.24838426651379	-0.319907626774235	-0.481656412956569	-0.72720836223568	-1.18497604672133	1.19643907052198	1.20645473729241	-0.525589636865089	-0.305998378579631	0.905500209992887	2.34457353963769
"58"	0.358792508019981	0.140532179561965	-1.00741789224926	-1.46926460061929	-0.461898553772261	-1.31125937889111	-1.0224976800704	-1.01958867763076	-3.03077390453618	-0.741779334186726	-0.516720264911913	-0.112459795855448	-2.07403631098263	1.62720702695572	-0.187413478585771
"59"	-1.26459636057835	0.212706494877144	-0.661595826391276	1.30634424025077	-0.663214306005262	-0.983996757490395	0.973647294943214	-1.54225962756282	0.796179340514387	-1.09253136149811	0.553263705953001	1.11778320747182	-0.0843333086621757	-0.653882156243174	0.558886935883484
"60"	0.299737592150664	-0.366447207089034	0.107162494535702	0.957910083834073	-1.62254057978527	-1.35730102752233	-2.25192018796685	0.349327588173907	0.448743328497441	-0.854230867608523	-0.279192820960902	-0.125619589090103	-0.897571167952314	-1.03671873686059	-1.25254148654019
"61"	-0.371753684507036	2.1133399948911	-0.142234691597509	-0.307955837018046	1.78876251468165	1.75430650371548	0.195791009588519	0.09126926616449	-0.069492545015421	0.880890740666749	1.07893944163093	-1.57240185225066	-0.870711676590202	-0.186909370365528	-0.172969444343526
"62"	-2.09606272011935	-2.31898879293244	-0.212955988410751	-0.679702192068277	-0.993297885232519	-1.79245819722602	-0.160092634808428	0.392817537607644	-0.104108237852238	-0.445394853999449	-1.1364926603818	-1.160394686735	-1.92886263543302	-0.963412917320478	0.707424298684472
"63"	1.02932527185227	1.0462023611182	0.513994537736078	0.922746262634182	-0.655675782817217	1.11376579271855	0.546790284881344	-0.307947458213932	-0.484683238063208	-1.40825494633261	1.09356074718674	0.4262628572295	-0.691815084450582	-0.825662386776097	0.275184826834302
"64"	-0.52131750467538	1.15762616129692	0.304798187614244	1.08896747945419	0.669602890889724	0.740744736400624	0.0597075748335551	-0.919276193534456	0.923272088779438	-2.45274917041584	-0.896390238174081	0.413354201375128	-1.61872111190533	0.030895060136967	0.360676757546672
"65"	-0.677429943807987	0.0691695492488883	-1.85760874385496	0.268382132588369	-1.22317887177707	-0.32820216585614	0.800813694625737	-1.27144530565899	0.348618931219859	-0.886251701791501	-0.934077508864125	-0.735416928434137	0.513624986378341	1.46918515342692	0.261605432899413
"66"	-1.00859387461448	-0.719855695614701	-0.595318906333081	-0.204465941035975	-0.0161933303050629	-0.00708448060661796	0.700908808673733	-0.271279651632459	0.662634822774714	-0.0696697131959188	0.811356818464111	-0.631773679115658	-1.19275752618894	0.888652241392094	0.820354517039761
"67"	-1.3743960737741	-1.42559917126474	-1.77955396382852	-0.0818867274147398	-1.89842890041148	-1.21167177545699	-1.31917613381415	-1.62849473815349	-1.50730433666179	0.0565582127048998	-0.792042768058913	-0.327228677061254	-2.13367649440965	-1.7652371057116	-0.594813819255844
"68"	-0.25394070196922	-1.59293874980869	-2.05270624380181	0.843392682063406	0.142239735998376	-0.203247352653638	0.886666732450794	-0.36637473557087	0.36494710860059	0.384689659482616	1.05235870690626	0.664618726356434	-0.392908783567146	-0.633055150538121	0.00233786366573583
"69"	-0.737414494530794	-0.695124038527106	2.01322418060148	-0.534836398784732	-0.0449821151381773	-0.482247029628738	-0.344086989392633	-1.49856308550977	1.57454636887831	-0.0815871331548336	0.519482458179754	1.01460694182237	0.980113506836634	-1.02198519041253	-0.581105913748448
"70"	1.8015545557811	1.29314329691575	1.33973662042226	0.63751957570298	0.909670640528366	0.433984665816564	0.625161158460805	1.38063623931647	1.58187217915584	-1.19310713155902	1.41884303884821	1.50495398469898	-0.382807830359739	1.49120744257291	0.959017674724697
"71"	-1.17492252062775	0.45385833119444	-0.939601560721133	0.322162934132116	0.0532850983598105	-0.271386864481594	-2.31538569962695	-1.1163885348314	1.23052145630547	-0.978130352938102	-1.66515859257839	0.111818115487395	0.149522823682724	-0.568503458341854	-1.63161876576671
"72"	1.8266723461773	1.12434480288408	0.100759409239783	-1.11602342774177	-0.24440730554349	0.77238472875226	-0.350504101907925	-0.773000857076018	0.355281813486022	-1.38929773368757	-0.357950803214482	-0.22214423513231	0.360922066159173	0.10148906462424	-0.406784678035432
"73"	-0.232179955728047	-0.623369194427959	-0.721096993693584	0.791069694517014	0.472272287031571	0.428571433457509	-0.46463819099329	1.82999925238772	-0.0287739468751646	0.261531079599522	-0.684457938701	0.594521685538271	-0.616233232015302	0.45214796653588	-0.926574667556005
"74"	-0.751503836970121	-1.21274861098506	0.116415694529862	-0.998154907452659	-0.0635618627234293	-0.717893213130193	-1.03026707868558	1.02996656204939	-0.963586974291002	-1.49978082539206	0.255704144176123	1.10595148617109	-0.646909251363685	-1.15770857841673	-0.0759809613060563
"75"	0.489696750831636	-0.620009155696025	0.550486543535907	1.16981214598252	0.729108007162682	-1.56800491142653	-1.31386346071779	-0.917995255224401	2.11441748263328	-0.430500644055586	-1.19090816204447	0.331641223699626	-0.918014124340429	0.599142977793485	1.20358536916366
"76"	-1.55134977472471	-0.772785346695346	-2.22939890008188	-0.816474222227468	0.0859621206888631	-2.05622261112597	0.113397559544666	-2.21146911696926	-2.05515763345987	-1.69285806877172	-0.416532040619381	-0.712685179152592	-2.53265884381689	-2.67255473463067	-2.09040043674959
"77"	-1.74685820499089	-0.459348868531458	-0.730660324448328	0.469655410110164	0.514487964786482	0.357807122693734	-1.15270923892169	-0.432113232156178	0.227031598598161	0.40040271803764	-0.0275727034600193	-1.7297535227382	-1.43596811301971	-0.997223740931226	-0.780913727538208
"78"	1.71554783445848	-0.173360069986619	0.766467565181207	1.24320404061524	0.113570249686542	-0.855949447710094	1.24292080421672	-0.197516781103861	-0.386108234999076	0.142523349069045	0.0083978147957764	-0.0669904949314035	1.22017246787747	0.917955901758289	0.813077052395575
"79"	1.98762313772385	0.193502314088538	0.683770810433222	-0.658592847457036	-1.19621034596497	-0.0556521260590477	1.55460101983271	-0.838425956886921	0.128179193272551	1.70169656712224	0.423251066253709	0.219338588682909	-0.597666329990402	-1.06326530113008	-0.295668410616502
"80"	-0.619981776249416	-1.65382779413361	-1.77077910312041	1.03549602849651	-0.00675310737161403	-0.340938100349402	-0.768651444402802	-1.81276443164959	-0.108301139554156	-2.43208577755104	-1.75970246396591	-2.11188022607439	-0.60757855594162	-1.22160189439118	0.32198235393486
"81"	1.11445546766458	-0.0934661671515665	1.0985462692394	1.44031115256903	0.921865139076307	0.460601047611172	0.466654834390925	-1.48780491867018	-0.517751942956812	-1.53989862582038	-0.350819182972636	1.55527446371308	-0.0733377290841022	-0.507146183538422	-0.995152533264773
"82"	-1.13139241338656	-0.00619581472292108	0.539531136880011	-0.206247626013725	-0.227851759127137	0.791306583186094	1.40581962816354	1.92174563402508	-0.488144512117435	1.96582338130549	-0.0424666800090147	-1.43360121985271	-1.4445065283186	-1.71138949995403	0.739299950052275
"83"	-0.156524813434071	-1.85109383686911	-0.670392454422847	-0.0817674305740035	-2.02712465102025	-0.608207480974713	0.592724287224206	0.504838043780517	-0.474685412884929	-0.684910497643395	-0.516340760761932	-0.2386123599168	-0.354763132232132	0.686281719425251	-0.793495463565597
"84"	1.21022919607207	-0.539985666274026	0.197311845092234	0.403522180346129	-1.34353966643479	1.94483144862976	-1.85546893134423	-0.533374898039292	0.434673986057124	0.318214995882787	0.719849664783704	-0.128039585672237	-0.0237512724662905	1.25994285085585	-0.674801904499225
"85"	-0.369116934330287	-0.966397912002043	-0.662072164248617	0.540354518630869	-0.30493727461558	1.83451304821539	-2.69121964759848	0.437807094749836	0.674481495957589	-0.887454647679916	0.158762626661647	-0.997423129378358	-0.176545914368574	1.04201362946029	-0.836107495490409
"86"	-0.937307141846529	-0.457105672277418	0.622429056876909	0.203853426932771	-0.659943279311941	0.128863786897738	0.205162548635181	0.0117843642730396	-0.551908856732805	0.530240741419791	0.826603164363215	0.566524360439736	-0.145513836215288	1.1173390041401	-1.31975250191281
"87"	-0.954850670875134	-2.50278001612729	-1.59235689463532	0.573975164137149	-2.10584590751415	0.250873044772929	0.476874996332047	0.688827891551377	-1.63362007791274	-1.30480079860566	-1.67579539030517	-0.81638604045763	-0.266162226475648	-0.84113737199775	-2.74143206759176
"88"	-0.199199686333881	-0.0258857492386964	-1.21356970244153	-0.968662287343262	-1.08655581405311	-0.328497854658752	-1.29361414722732	-0.380719589351465	0.00760370032631962	-0.236293189682586	-0.685040024549722	-1.69018934262632	0.412919437656451	0.446644454508986	-0.234022075682811
"89"	1.7170305954568	-0.318692520800753	1.73336190116821	0.884576163327312	1.37078555922233	0.799125642169809	0.630695115977722	0.980324140643889	0.452116356572307	1.55686765997638	2.02859595213037	-0.317880583157992	0.495775926955537	1.02424367348178	-0.107019307245274
"90"	0.972093385827613	1.06713403351561	0.131606403369839	0.526826064037357	-1.32842471103128	0.552294080980114	1.84162980198144	-0.4442383128264	1.12200579195498	-0.557591732929976	-0.594336602065682	-1.47480848551889	-0.211480755920501	1.32634560699303	-0.340587870339175
"91"	0.202668746609908	-0.625204091472844	0.75409544631562	1.76967308143526	0.327655513686958	1.28748887732141	1.89952786453184	0.62949087284695	-1.21830224019972	-1.32904436536894	0.430532116753602	0.388716904642966	-0.491350500830934	-1.20588998959944	1.28588200152089
"92"	-0.52675050373137	0.282631835256805	-1.93863300725453	-0.858773143038983	-1.4574544062533	-2.31637683373914	-0.134741750062183	0.322197197408472	-1.76427023433156	-1.6566655628053	-2.24373372193913	-2.68405090189156	-0.61856141164863	-1.31138143935728	-1.11545281534799
"93"	0.882855680176064	-0.551637128672963	-0.703722872633979	-0.269765736433004	-1.36488594082807	-1.4947248199324	-1.03257799235872	-0.352538819168858	-1.22655656190856	-1.06840200552158	-0.345981108537248	-0.872091931787261	0.554971033522753	0.58423452756044	-0.527880028590828
"94"	-0.550935396984899	-0.0903382507554915	0.374920792738086	0.682289078820115	0.797727227620299	-1.32668508128284	0.946354071838437	0.062095062253942	2.35626069914708	1.88737336526192	0.184643849173394	0.948064384741654	1.62872434061909	0.234488433367804	0.79039888932927
"95"	-0.317332341911457	0.3461628664707	0.481758081002993	-1.56155469134018	0.0231366280200992	-0.780538219990566	0.308705759056173	-2.61585210610421	-0.785384392262729	-0.297394382065407	0.197880607544868	0.324376116429625	-0.63363345620652	1.5460117070295	0.574843791719571
"96"	1.27862843202786	1.08292887887993	-0.655800368213468	0.0304553389932071	0.307098048456209	-0.171409619132055	2.4011189137003	-0.0571562830980346	0.247480781645307	-1.09207398384053	0.756117845750144	0.626695144021259	0.301083929971388	-0.347708010828825	1.41568359292335
"97"	-1.84568925242975	-2.35280890457627	-2.6908952135998	-1.0344180366632	0.00736434013056846	-1.38849544539964	-1.54741272746452	0.1306322114242	-1.25225387285231	-0.865403060616483	-1.1706089671854	-2.15699027757475	-0.159956729300539	0.672520667652776	-0.70748137936302
"98"	-0.505482537008369	-0.384195922060849	-0.0339226302806577	-1.5759814408156	0.932110524621268	-0.309919607682222	1.25358079218898	1.83718571762683	-0.645105701518275	0.439771281999792	-0.395670442686174	1.07443460897635	-1.230166663154	0.729127952794351	0.549336839471031
"99"	-0.694152598252174	0.427919881373318	-0.658389676484885	0.75971789062293	1.42276701956602	1.38223194551994	0.208593166308175	0.359293051630108	0.679273747803253	0.221695685300413	1.12181447439989	0.00319317891772877	0.262763631355957	1.81389860320311	0.464735481513404
"100"	0.284798464198214	2.46860298474697	1.11736092800664	0.738795265326166	-0.562135370150759	0.61684398232818	1.82335415757227	0.397683984452181	1.74955854172968	0.269225865540824	-0.149566914458897	1.47837149327325	0.411485816027201	1.00469100300188	0.950743913289345
"101"	1.31123184798788	1.05999180165168	2.32065001016439	1.41054780730238	1.39486298514886	1.22135980728024	2.09876258751283	1.30552834674895	0.975185186006956	1.13963428210132	2.88900057380699	1.05130017697869	1.24619372260122	-0.50793748526087	0.383771276914091
"102"	-0.429255533799079	0.931232754590145	-0.899717888567085	-0.472477666946576	-0.114036601331182	0.511143330681449	1.24051958756185	1.51485277207998	0.679537877202899	1.32462297500687	1.86334401154518	0.156797739333202	1.63292500561763	0.110171450572772	0.218750334810728
"103"	2.72142368764798	2.08082284478586	2.08697594650146	1.42959855774345	0.171907027238466	0.888499660736624	1.16165446616866	0.495063442290596	1.74727427179123	0.259202062614049	0.719414364980307	2.86666297940537	1.72194102522131	0.934590692352825	1.81074076517942
"104"	0.0883857001828651	0.495364534197658	0.939462459780145	-1.54575700237595	-1.61368813343871	0.355850805211828	-0.0504116422416595	-0.679762169647018	0.0847455799090914	-0.0129891390124435	-0.0327493049623656	0.934081486979558	1.74965944794186	-0.450375921331291	1.70232661940024
"105"	-0.0473481658755551	-1.50754681370126	-0.0914323513419273	-1.54962092887	-0.697534320274973	-0.210586391814749	-1.58129994119067	-0.0315725281702352	0.610542549603381	0.259524950332191	-0.757932732699917	0.0891968709307416	0.0655613674265866	-0.223003841786355	0.00573737379463107
"106"	-1.29948225958128	-1.62493225748357	-1.76416928293269	-0.738327735731369	0.710604228618527	-0.0151656991168984	-2.13298274099614	-2.05598897690383	-1.52285093254326	1.31754777162277	-1.36583121425233	-0.630699848336956	-1.82162665474282	-0.288453296752325	-1.98712839107324
"107"	0.794463469889644	1.06440684432592	-0.593610021921022	0.0267703097308001	-0.758233902233319	-0.0189088489075679	1.4512484813415	-0.0652048502453016	-1.54176396120655	0.812300638160216	-1.81391027807968	-0.886972979164241	0.343638185426092	1.22059975632321	0.390997935948501
"108"	0.951165197624172	1.01422595513527	0.0240429851658166	0.462100980268011	0.356506780767056	0.381981482632325	0.678515883534809	1.35571227979163	1.09718222995674	1.84508395686449	0.457603325001906	0.0870080724781161	0.111842938162273	0.695915380774752	0.832038646448363
"109"	0.27582024406699	0.434391216768066	-1.31388868014219	-0.623282353713315	1.06563315413245	-0.0616790227223765	-0.247967755233758	-0.450227428057861	0.752442811235929	-0.935460344946835	-0.38934556821086	-0.779566618743656	-0.480331676959615	-0.172068062513906	-2.39733623612246
"110"	-0.0492319882565965	0.0174332534450213	0.214950488562444	-1.65488803984208	-0.787310850691722	-0.351404481108761	0.394355109170971	0.670618802752031	-1.74099571802552	-1.55104630964656	0.704469208519553	0.0592532492560582	-0.911293050759144	-1.58428878950166	-1.03460192661547
"111"	-0.56887633061436	-0.28752418402251	-0.418843665763598	0.671139311924529	-0.210036453248784	-1.17878388689913	-0.767870600672787	0.626365558543766	-0.576524990917797	0.723490309544921	-2.50452906235105	-1.27472143221758	0.954068020043739	0.289237781695672	-0.186312315680147
"112"	0.582405619349858	-0.779206599583932	-0.731975065242155	-0.422898591108822	0.222404174687262	-0.871122590652232	0.325491566859595	-0.109245694374954	-1.36742929232231	-1.61199037377749	-0.823529809231738	0.354800574014926	-0.845664249637127	0.408203261739039	-0.468796881604127
"113"	0.18622893428219	1.48286723976624	1.32736119415054	0.789475070142105	1.53924847830534	1.25577019735777	0.93993531178231	1.55090233364232	0.570429655697223	1.13347270549254	2.85144556784643	0.384616498711579	0.432753933409031	2.12385550850824	-0.145371969048292
"114"	0.692703032100802	0.389218039081329	0.233975634202582	1.31380976520505	-0.632295168699564	-3.31028578846089	0.196483763528724	-0.18651244334501	0.00383589505535071	-1.36654772142855	0.167567377941472	-1.0214320253171	0.438748771367099	-1.81504505280583	-2.2529798847713
"115"	0.484412417009337	0.237854500298301	1.04678290924074	0.657121443172042	1.6778608244582	-0.0973740401057255	1.38753395767012	-0.77153298721245	0.338706219262188	1.05774959456947	0.0985971296925183	-0.433325453333146	-0.0742937498066086	1.04872423561096	0.2391116626451
"116"	-2.22169289869012	0.720293747672899	-1.44410876305793	-0.177334736644813	-0.685735166284598	0.776756641362891	-0.449816914650492	0.766204378759435	1.12688000338685	-0.85335534639503	1.02820612163373	0.355106252525166	-0.22206177232663	0.929446907634182	-1.26813443018724
"117"	-1.68461888708456	-0.928691748471362	-0.656806983710409	-0.601101785288021	-1.09034730295263	0.434542727536015	-1.36963610593489	-0.794838792438821	-0.177551351123267	0.486575213541893	-0.771878550458041	-0.263493826361835	-0.152674191023972	-0.225018022106323	0.579937133417758
"118"	-1.6934282286809	-1.68457074873435	-1.23478167343833	-0.724657357416808	-0.323823650872687	0.471634969471628	0.933056468595475	0.179780829638074	-0.418185381464498	-2.23149038135126	-0.738511514635732	-1.85440353978556	-1.05995648815038	-0.917767245764434	0.430807789503363
"119"	-0.722715469297904	0.105692758959711	-1.12145867703391	-0.849398724238172	0.335587027300189	-0.917492313188389	0.782808067865643	1.31186981543402	-0.187471662545371	-1.25939490762332	0.362358008939927	2.05402213105275	-0.395463963859312	0.38233139691374	-0.696678566450331
"120"	-0.317315540659493	-0.732573306797343	-1.68187654737116	-0.0402703949618756	-0.628302965069154	-0.677738737085082	-0.264499263656218	0.470928657338149	-1.74050586792083	-0.586259211511098	-0.676259053015304	-1.13787021871984	0.136120184871579	1.68442773857438	0.580553699610729
"121"	0.00149292551699364	1.04844513955392	-1.53094087516287	0.219801226239017	1.62476060573155	-0.080890350374501	1.83393560475834	1.23627273109658	-0.485995414228349	0.397544439981058	-0.636932442292329	-0.267348679133276	-1.08257928413072	-0.164420464047752	-0.265395134749948
"122"	2.53223245475419	0.69645992281006	2.96226459248635	-0.698882752714315	1.0342946125289	-0.431328761867425	1.25101196244136	-0.157314790396816	2.62533034411181	-0.429802512731994	1.28708665993571	0.0794419630598603	1.53158033426863	-0.572383021916099	0.292185715954501
"123"	0.343540658767336	-0.186332333960736	-0.248187629131767	-1.75331712748382	1.12196717278873	-3.08011727092543	0.16607764254368	0.658268547520094	0.41119783158087	0.180170882936797	-0.386687935648114	-0.0686602186211072	0.767519934710927	0.390129758765097	0.356127647334123
"124"	0.301979418526579	-0.701929910461128	0.906080272625139	-1.7634315821474	1.46965834961858	-0.720709942361557	1.6882035574223	-0.16509650440702	-0.389971270767812	-1.3053355912485	0.162886175668158	-0.448663272530534	-2.06887715979278	-0.401736371810933	0.219557520845435
"125"	0.166915892058925	-0.700742620539673	0.261612505256589	0.447897336314837	-0.157422467971382	-1.70217249015926	-0.243650428686307	-0.380737187777131	1.49279648986638	0.303905011075655	2.39467518752591	0.401169636955193	0.325509530001783	-0.813170263251881	0.547197116240253
"126"	0.192584842226702	2.06231600185914	-0.0780071514718446	2.66347018004561	0.674932216267826	0.695140119629511	1.16378934221242	1.07189889404872	0.927859568720195	-0.0979005466181364	1.11486459592418	0.75604284674135	1.32755754168865	0.949890831845532	1.19648417822829
"127"	-0.605635467566388	-1.25029958878039	-1.25497883970585	1.2248433640149	2.58440232952246	-0.248436534103332	0.673356297581142	0.44272409842572	-1.19438804290114	0.575990537964577	0.510764020341962	0.985931527044817	-0.475790749608872	0.894178739087465	0.355755170702639
"128"	-0.384340256569786	-0.463769325169223	-0.421330784020937	0.269281726969905	0.339892892694147	1.28351149465711	0.0814174852645856	-2.28824786457443	1.48443332485342	0.711163245355325	0.382876167705686	0.795762522239347	0.691732556693491	0.455806101968564	1.00234783587776
"129"	-0.906539870523092	-0.859240291979618	0.916374312335546	1.41179922181246	1.19487454456853	1.56995375412092	1.29759119489552	1.62959121657042	0.226570170176635	1.63092904951646	0.174867834750507	0.0944018890826528	-0.152698883931204	-0.762614985146581	-0.643683821327453
"130"	-1.90345911292428	-0.266462777999258	-1.48194564546174	-1.38516359167567	-1.27211045709788	-0.0706957203810056	0.161218814288444	1.04622276905992	1.24500937286004	-1.2395533244489	-0.257921119184781	-0.857284588143247	-0.614680885112992	-0.0434552812176809	-1.5300830502143
"131"	-1.19633911786893	0.334371069561379	-1.19242230737274	0.018527648583735	0.723152699921834	0.864550070395218	-0.835855397889606	-0.775392245295359	-0.915608096501377	-0.937137058375355	0.979127923758814	-0.00806516872662108	-0.0621054572515098	0.62036767809059	0.00737808332721886
"132"	-0.926310101362556	-1.00548514070439	-0.24622376305464	1.39222821828933	0.676753794988564	-0.345940441134768	1.16549753784651	-0.0757491592401029	0.845980573426256	0.388022728275592	0.0946703855036518	-1.09180044731859	-2.4870336931129	-0.0380902804144958	-0.679612811861354
"133"	0.41217571492643	-0.639236363144388	2.15562505180525	-0.303534799194058	0.801747783910869	1.56989144371298	-0.0561117213185446	0.35414771704393	0.225188556256133	0.0967410463336736	0.15146862125939	1.19630972796135	0.13649133846098	-0.163584415275759	0.86394311275724
"134"	0.0583323469057181	-0.102599417451818	-0.861398170790054	-1.02739690091736	1.69455912083647	-1.07656674994639	0.379918656390058	-0.525302305418482	0.962682006889263	2.2812714887098	-1.71318902326043	-0.264406752825758	0.295792436510049	0.244879582965714	-0.341298968972628
"135"	0.0385201524242909	0.931213266750453	-1.37452274771463	-1.54048019402291	0.0983391446640201	-0.301099584653976	-0.511669623815858	2.29690784662629	1.54375584460224	1.24136064849479	-1.09778385531166	-0.133456956234787	0.109352138014474	1.05152975187201	0.780817258415242
"136"	-0.955553425297313	1.60748417259143	0.695671241307986	0.830409888273545	-0.0758721140260108	0.672326447030114	-0.97779969684963	0.244103441372913	0.495363891074193	-1.22663507912344	1.2375551725858	0.693947509449286	-0.439264886491867	-1.31636391239732	1.39047153852742
"137"	-0.714979983930357	-1.65210949381245	-1.56614146199696	-0.125330887359074	0.258152716682749	0.996430866058748	-0.557817667479825	0.447831513297265	-1.2326209490979	-0.593931994802825	0.857496624943929	-0.40560542545508	-1.2567061858222	0.0758420444105101	0.0918959169538007
"138"	-0.292485737739798	0.201862968642161	0.0882964142248083	-1.64788614802127	0.714103125932476	1.13244668369776	1.07808241726884	-1.75641476882675	-0.808570483495311	0.134526200432297	-0.271640736181516	0.224815676257445	0.165199329258978	0.641962187446147	-0.822306458971987
"139"	1.03940078652848	-0.371130832224483	-1.45151530532549	0.0631001524773225	0.108139815916986	-0.119360215725268	0.32824545217574	0.226389885577921	0.40496769009032	1.02576535083428	-0.18302507376444	2.03484923306287	1.1767992189268	0.763177428016806	0.534388115523145
"140"	-0.642513581971887	0.146923435352208	-1.84396422050976	0.663537151844062	-0.226036993576017	-0.520771503564404	-0.365715306415193	-1.77031239895642	-0.784895588844472	-0.683730309773361	-1.20609568107185	0.342342823861053	-0.220123098349576	-0.100857085838375	0.390709436168285
"141"	0.300239515928291	0.322238425048545	0.0935171640847361	-2.02906208817614	0.0574655423538207	-0.50422562208549	0.18174245385405	-2.05505552454178	-2.11314907592265	1.01635812723797	-0.172294614400546	-0.173555266144284	-0.37481527817726	-0.958567826728471	-0.154763630117182
"142"	2.05881494689343	-0.199472692763121	1.82747726829316	1.1022415228122	-0.736851899842641	-0.976970826898702	0.0501662498733173	0.375078954533752	-1.29243426288979	-0.623473186485067	-0.707384218384078	1.59312901963008	-0.231035214683994	-0.826497432276035	-0.531958426897632
"143"	0.926233182395171	1.54372798097685	1.67346005086441	-1.01943135222723	-2.58344438631848	-1.48896566379035	-0.649943757492474	0.0820493183749901	0.466365738798074	0.423423153529612	1.28232191259944	-0.452089949205157	0.729274790096037	0.649917522801152	-0.283233263401813
"144"	0.509631196928915	0.592798095482573	0.271293158685146	1.01496853197459	-0.836514964995813	-0.0050837812421675	-1.65867513872225	-1.22721599883128	0.375786992740465	-1.11793221886115	-0.116457736940849	-0.235771870553558	-0.700536083415549	-0.609617021202505	-1.05315625237856
"145"	-2.9956938362699	-2.55291146275116	0.346832792069824	-2.58994312093282	0.226777081046466	0.273970241467935	-0.839033155053112	-1.04775732454822	-0.943739808385849	-1.0658154322007	-1.26625923561116	0.131176657913637	-2.36790881730172	-0.323126394226226	-0.0100088912721012
"146"	0.344911837736653	0.754572310237061	-0.467197496963659	-0.115223394232838	-0.596489523952631	0.265922707242668	1.20211890078978	1.40404845976017	1.25257302684902	0.179980688808443	1.15739089974918	1.40351246203327	-1.0482869175443	0.492213034864268	0.399421517291659
"147"	-0.095315559823036	-1.34191427889207	-1.84520518202968	0.93575785406436	-0.600435519747268	-0.520077511885844	0.943366192446551	1.40341151685574	0.497112766077674	0.638117241393906	-0.305729734903913	-0.139110509032027	-0.152601877493121	-0.844572582383947	1.04796616497001
"148"	1.14521987086846	2.52741946986297	-0.870348277686985	0.312696270082386	-0.671056054835688	0.641277668050461	0.737504867497303	2.39987481205346	0.225555485413577	1.31058129774957	0.53354186202134	2.55935318961093	1.82260438814108	0.668014780102386	0.835506197700656
"149"	0.335253422729432	-0.475928743735254	1.12625497838304	0.685414335995312	-0.646962396993813	0.528728651452304	0.0362538226177373	0.625588329558557	0.275786739814274	0.510931148663713	2.19758285558939	0.101663033102473	0.782320233050366	0.981227748071008	0.484000267673601
"150"	-1.72125213891199	-1.52535133821781	0.287872661625008	0.519222105241434	-0.281043614461396	-1.53588022846569	-0.367607451680073	-0.263119760526881	-1.73788834578913	-0.867888865526218	0.164892006503709	-0.1638772266073	-0.944474829648697	-1.44572088072941	-0.608604831712244
"151"	0.419188622762406	0.239435386730745	-0.859414638727775	1.59313541276084	0.672518277574375	0.807227064932847	0.180769465191543	0.06469520982271	1.18724400955022	0.815627060472057	0.709708678504653	1.31376816467885	0.761099350785788	0.960345749783761	2.18585982415171
"152"	0.292964104578829	0.496968340551493	0.299456481575927	1.00623676782979	-0.452708610679819	0.229820071476919	-0.149262878603607	-0.401508781755031	-0.0998516654809314	-0.310925497523022	-0.125767236039875	-0.18478261901638	-0.621852443975489	0.0816792481541482	0.184454694722192
"153"	0.760077414374497	0.0617378914098104	1.11689609105081	-2.50396367488558	2.14184704018228	0.572792000039372	-0.460358699927563	1.29261091118315	0.0129201949248299	-0.565377804714093	0.449226824638866	0.686994289760716	1.03502614077383	0.543678479184402	0.569277125784115
"154"	0.542310710883875	-0.559985733859261	0.500550747128272	-1.38133395522216	-0.195439854156511	-0.853436700571716	1.71113770607547	-0.097283597210737	-0.401939023857635	0.0907352423814567	1.21071511301376	0.406561276178962	-1.86757941804279	0.0637588555603068	0.129429412254683
"155"	0.880950624292024	0.611297030172649	-1.06812694763765	0.992754813338396	-1.04762362762232	2.57686902417968	0.354609637191594	-0.223250680145685	-0.98204803767381	0.850629668597634	0.391197369758945	0.607754236732217	1.7505921754951	2.06726687218082	-1.13421885504605
"156"	1.16412327709492	1.33579334800973	-0.20404773476863	-1.18531264764449	-0.44164309905469	0.722036873739856	0.0188297004345665	-0.530306686982171	0.730911528387506	0.025692512212517	-0.0551549152863636	1.31257305157435	1.08333988190721	0.00620119167013716	-0.403693341898952
"157"	0.378015469295226	-0.339662591265984	-0.444400325107023	-0.91519221118804	0.0443081052184597	-1.47981157043093	-0.218188411010623	-0.947729823688984	-0.839937030609793	-1.30939031659292	-1.53676364679356	0.509167801761236	-0.214179037531726	0.374043865572813	-0.115396337946507
"158"	-1.74953006767623	-1.04894485763829	0.555815392948874	0.483516358967068	0.561179961991173	-0.969841507635926	0.668761042546937	-0.586893038825975	-0.354973284375739	-0.385943897594004	1.16614573705086	1.00235766800619	-0.879064924733386	-0.0586757780535261	-0.139779143099884
"159"	-2.1857362654085	-0.483372190754167	-0.663385404263348	-0.719585340574757	1.33718003283272	0.485958106798156	-0.435218402223632	0.322524044064164	0.967342739628288	0.0319448396818889	-1.32069074153777	1.73919387141439	-1.20399081867254	-0.707209942951406	-0.551553810390277
"160"	1.3161294466558	2.37721620730385	0.678416484896431	0.598936807309809	-0.088377804615348	0.0107200173751099	0.348224622128789	0.0413022367918411	0.343729641506307	1.6256947598508	-0.658717983854267	1.19272498606398	0.133273529331625	1.58149134791578	-2.02848074242164
"161"	1.04240068575529	1.59822568173617	0.0703134017479176	1.8377347055205	1.90297077124698	2.05514218378503	0.70502800117248	1.0483487919428	0.0625364135460445	1.54051505461616	2.2035225608721	0.856435959819335	2.51738741905421	1.09267641687251	1.33007965999463
"162"	-1.09466205415419	-0.678173506573913	0.266626512560675	-1.43898480792735	-0.661026662877981	-0.1585888832143	0.840505514634103	1.28077320006038	-0.859941620112069	-0.39577577316794	0.285823063955665	0.390991616767915	0.240699508635855	-0.322663243371622	0.108109253509566
"163"	0.456633754878924	-0.674112620835272	-0.290835277319401	-1.02889312301899	-1.75468774559299	-1.69924534853342	-2.17499595588889	-1.19855027873212	-1.17117881908032	-0.282640169137952	-2.80360711473234	-0.627626477218268	-0.689698233871151	-1.36746048425341	-1.23157953106166
"164"	-1.14482713378921	0.467380165811508	0.677737791192338	0.188010354384586	-0.0329129433991747	0.246538712074966	0.0369324280303177	-1.37922915596533	-1.12927464238908	0.153714503294216	0.718487216356107	-0.868791135010243	-0.0670913473334748	0.184837399277479	1.12282218707223
"165"	-2.0493190311203	-1.72938552730624	-0.62722636153529	-0.529849986783881	-0.051438055155641	0.47096489494469	0.487930446432643	-0.827450779284806	-0.366934939078277	-1.0730952168032	-0.520016225200259	-0.772174829721804	-1.32021592574064	-0.871566511981141	0.682024588372099
"166"	-0.814420322242072	-1.01622177955495	-1.79576631962537	-1.40894208962164	-0.385537605433867	-0.806808692410375	-1.63320856858783	-0.269944804390725	-0.0820781171886245	-0.957855265554783	-0.378842390217128	0.207935594445836	-0.49432909545306	-0.897229562090534	-0.656827001897963
"167"	-0.265208477834535	-0.0384682337740932	0.170953520411597	0.94047523736202	2.1883860444896	0.0264796693295196	0.547255129599325	0.514063760746353	0.150054532587812	1.28191593215556	0.847088074425398	1.30642835514949	-0.774492345834857	-0.339095820343056	0.54043601185779
"168"	1.27346548957775	0.903512679873501	0.243621773220606	-1.09471344936567	0.988132667614545	1.03526545243751	-0.654502075761279	-0.724466490968365	-0.233242897992948	-0.200706491563295	1.31872548504088	2.17581757263711	0.696959569772373	-0.629132975218997	0.0969786675910848
"169"	0.235565610682498	-0.626793859925427	-1.48647995974865	-0.915024678452754	-1.01468183872541	0.605889168178393	0.342880094784729	-0.224433741295679	-0.113833642929015	-1.63116893009057	1.13860887740344	-2.1270806223672	-2.78393800436523	0.0449769688309669	1.97858619982654
"170"	0.658883950081529	0.152866873344005	0.603782503690391	0.182329888467218	0.915450824906522	1.38610077160908	0.0220986120762959	2.82079856492909	0.512460844750144	-0.246380555468666	0.606570641540208	0.609964794426272	-0.425554732360694	1.09787442782362	0.18827579138552
"171"	-1.27838386337103	-0.656117167861847	-2.24681186447535	-1.52729974020274	0.443038241019825	0.161744647774565	-0.777326274869962	-1.43315247404452	-1.68024212341123	-1.58455319309979	0.305249595897099	-1.79850391834378	0.293694724362158	-0.601735245017619	-0.712220056162948
"172"	-2.39078839586469	-0.97047941858713	-0.479817170608665	-1.79171682200092	0.157049265649665	-0.450410881184529	-0.841803048845578	-1.74107081316611	-2.35737560011325	-1.14030133920146	-0.62955945682193	-1.50014104264758	-2.08210276994112	-0.0197046552188088	-0.902690619194656
"173"	-0.533532868165744	0.466772461471176	-0.0174501230995024	0.340771614805884	0.885137283069396	-1.30413039772913	-0.0516253308573237	0.15831816155569	-0.384842007834725	-0.391818466872805	0.127424975514321	0.664864659158488	-2.05595879864577	-0.0738086473142598	-0.116673425665026
"174"	-0.268082245909241	1.23235389442605	0.365192817553517	-0.128511456714537	0.397798960381983	-0.00468816228924077	0.499673314804071	-0.19213165854123	0.690740132243427	0.522119263880804	1.17187968745741	-1.41768882111817	-0.173613648128633	0.670939438314403	0.0120027542450551
"175"	0.260009023455222	-0.0872400942504993	0.829267467224989	0.122962487944559	-0.387287427894091	1.89079246512787	1.32739749080127	-0.498787515560329	1.10170908710799	-1.0848856772622	0.16225650189217	0.964963472095299	0.651968952925251	0.974354361449647	1.73174356534501
"176"	0.610997428941391	0.183882153018029	-0.755219696265375	-0.591056309198256	0.524594064873425	-0.412902081848654	-0.281997600408249	-0.714422994755171	0.0488399678335294	0.806978757201426	0.0654027545991599	-1.41025960981303	-0.0902452958808842	-0.554816668398941	-1.34292517635478
"177"	-1.14278322683987	-0.733797928453285	-0.291367595854044	-0.892173148566571	0.137246176501339	-0.443048796308588	-0.490033264563572	-0.331600874568738	-0.294122918564826	0.263076428593677	-0.610416133148685	0.207067657789926	-2.25795546044445	0.791999560446361	-1.41815190768255
"178"	-0.366075436458716	-2.59551001426886	-0.465344555145476	-0.977629775081609	0.326703274238765	-0.350815599112471	0.226045320563123	-0.095943305287751	-0.793804438761987	-2.02650801693192	-0.328790948276631	-0.203903629278958	0.00514671888030609	-0.566265813822454	0.427796055804306
"179"	-2.08186396761373	-0.748252357384631	-1.32038264543031	-0.825313061666364	-0.322333233112509	-0.0827510706072817	0.0293441266759184	-1.82145765655208	-1.04082301012665	1.2583542866998	1.20512309945297	0.258205421071877	0.501162143790103	-0.0849145440354102	0.611777023996893
"180"	1.14874898786234	0.490396239357016	0.638856551650212	0.807407235242161	0.839142410844183	1.14805456027024	-0.783261470326006	0.597942968867047	-1.14823287532251	-0.603837005775238	0.552607433298357	-0.413303793530897	0.552352414658586	0.44256900544208	-0.696145364500191
"181"	-0.589101178398283	1.68567933288335	0.710595364516534	-0.550001164068881	-0.158470170651899	-0.674730872469251	-0.798459833867029	-0.154772810904276	0.888164085126181	0.568962158311069	0.226871816756333	-0.628446847189475	0.680442526252372	0.0442533839872494	0.549193947917393
"182"	1.65703928184311	1.26407698803738	1.79166629347191	1.45008405377555	0.019238146205021	0.804127045741036	-1.6636351770122	1.88297132495698	0.24924193893371	0.202147622150948	-0.688085402112857	0.10865361610511	1.19321788468736	-0.137379887705459	0.376431822083483
"183"	-1.05606737360398	0.127746124985966	-1.07868538402151	0.0182443611675049	-1.38839873758218	-1.66558301325481	1.39157560723591	-0.412860087473681	-0.726747629030402	0.653705023814841	-0.129697499364822	-1.62455157347624	-0.84473100649222	-1.85578586326594	-1.11381397821821
"184"	-0.855893615116224	0.75984924927043	-0.612757755830898	-0.701299974437858	1.41730773533442	0.167538648037088	-0.863474371672593	-1.02194543927633	-1.01014317168864	-1.52627512433289	-1.0649274180432	-0.000349252447832831	-0.519881051111271	-0.405719255406594	0.91401485314515
"185"	1.04735064864446	0.568710110427354	1.11453598465293	1.09639405567859	0.537777293664964	1.41899565019267	1.43882771782575	1.69181535594984	1.17305256621355	0.0989175049348207	1.03786076959418	-0.356144536634631	0.974637069599844	-0.454440838232533	0.577988605243829
"186"	1.0945773463016	1.13019044070055	0.553026724609115	-0.0887977697355592	1.96688540620581	1.32795302536219	-1.63424796475721	-0.325466685931474	1.88265316069088	1.34144970119108	0.628542637321263	0.166134194214686	-0.909165772609837	1.20468094267787	0.856394312454375
"187"	-1.35787784140596	-0.683249872570644	-2.23335556974534	1.03673019946708	-1.05900548152626	-1.10444797771137	0.532090474437334	-0.38813230673475	-0.459522878886512	-2.41958244824727	-1.0985181483145	1.18002634066922	0.122730540357704	0.256239046257911	-1.0191433604706
"188"	-1.3475827741569	-0.726931260036647	-0.00774374184099452	-1.54580253770171	0.0793027604093312	2.56824262920119	-0.484024499877792	-1.23766857818656	-0.242630839248175	-2.04425691048524	-0.78249884222102	-1.55710898310832	-0.606476178728871	-1.41704493621048	0.668991712533743
"189"	0.619977574581881	-0.395656984769634	1.52081917851836	0.261932197210936	-1.08572563240167	-0.080013800816864	0.40347918312301	-0.226484930578735	1.12139738726689	-0.773494557109301	0.723250869142801	1.30883644449056	0.792311115094727	-0.233482659403543	0.722376497359069
"190"	-0.484434490340259	-0.883893633894945	-0.147912400823862	-0.118183934291955	0.0646440365423988	0.0262053093465132	1.05117937712519	1.08710771158217	0.22110252271352	0.652399143074899	-0.389717413180419	1.53027963706796	0.453164272910025	0.856156157417808	-0.0786561627587896
"191"	0.268841153376343	-0.782880375177591	-0.735407989285391	0.252369479729905	0.323524954034523	-0.168460518708128	-0.445054357947851	-0.657306910568566	-0.481005779499497	-0.499968322614358	-1.02438940076366	0.120306849870333	0.517258361074495	-0.680375100259058	-1.04556102890415
"192"	0.0761161529782706	-0.9112543835214	-0.188580699566025	-0.253207331563052	0.109213617940898	0.338943760128565	0.138854509298048	-1.153832045889	-1.06056919645662	0.584358474258135	0.182359805030381	-0.0890626086389657	-1.05663037842927	-0.68847665906554	-1.86365096630835
"193"	-0.133490019468705	0.0820691447284652	1.16945417190231	1.24775329865745	0.102544066414384	0.159366201118493	0.09173700228287	-0.667771343874484	0.389277549315761	0.400715877519312	1.91037925727257	1.46519763788223	1.11493314473358	0.564602609734991	0.660737738126531
"194"	-0.185239118490104	-0.576465236875146	-0.0594221815990941	-0.964231727337727	-1.44499414796391	0.383407906174474	-0.820709626515403	0.126544137518778	-0.00240695993361304	-0.161554800491756	0.366064931028537	-0.283703438683704	-1.07261708306066	-1.60307841804842	1.46039485021105
"195"	1.89957898224731	1.14507528186463	0.460264843142625	-0.672760727558836	1.67417521697064	0.413412660176425	1.31704143304949	-0.392960858699083	0.196434058545237	0.136909911772701	-0.432795028983672	-0.567067166077479	-0.522625220514641	1.50950036140684	0.796603696444203
"196"	0.265296341990321	-1.51132025555491	-0.621926561503775	0.0773531317960364	0.329701447628641	-0.274873391599236	0.996686897102158	1.35634823372077	0.00425885255354505	-0.482334254108946	-0.491687036580255	0.326502704288431	-0.584910538424918	-0.337495398256673	-0.928076729135291
"197"	1.14676584534044	1.04613645960997	0.595319668803809	-0.694781069326179	0.379887529956112	1.12633383741266	-0.319024597752068	-1.32281076941789	-0.0648802521642859	0.00896355878674292	0.149756969806996	-0.0400203414150046	0.64829568938445	0.859911855151619	-0.381055913965164
"198"	0.767905915079298	1.34966742527391	0.978642525280053	-0.00194742646984954	0.0462417364786599	-0.453925447303252	-1.07790619155224	-1.00495422149387	1.58078302175808	-0.0458688547855223	-1.49362905921042	-0.945590143128764	-0.631655376807097	1.03747876895617	0.38462363783865
"199"	-1.49993561423556	-0.129109862732129	-0.414721407725465	-1.02611290307283	-1.39897195776309	1.13497695462634	-0.87400047330448	-0.656859791143412	-0.0520897555977843	-2.15135519902663	-1.53130631091379	-1.28203606938861	-0.883522630594463	-1.10642013899518	-1.24517392302237
"200"	1.02199690252095	1.86281942349174	1.68129091503817	1.62904883448129	0.137629377309269	2.02163158819773	0.321238991318245	0.330864794242071	-0.525653587028302	0.0546925401243765	-0.692306582791734	-0.0932401367697508	2.00240978884554	1.11937005273335	-0.193648725563493
"201"	-0.79644235642802	-0.390033240574725	-1.71142604426865	-0.514904919780837	0.651948422050453	-0.661613191752421	-0.206462329584814	-0.23993172119245	1.4326386216389	-1.42052141066628	0.211615796710611	-1.9054097911872	0.218160074945919	0.326382614886716	-0.257718222038379
"202"	0.247125332878948	-0.364920853925799	0.170512741215632	0.536626513045037	-0.657447112614542	0.253751225716042	-0.894857553234039	-1.10514073279745	0.658610735162537	0.764482596886642	0.596567230288591	0.695347143159206	-1.0319923848197	0.805254592649099	-1.29110899661364
"203"	-0.683090898839787	0.125153277983283	-0.415535564213939	1.01127718197847	-1.20286636030773	2.22904621990812	1.60078777942427	0.478265936408251	-0.536377415123241	0.161347918181981	0.174177084634654	1.07396889801913	1.01448422583956	0.535192093677621	-1.32909698218746
"204"	1.13758465028855	1.58399864975769	0.939104424458952	-0.507860932760165	0.415171435149046	1.50527956436233	-1.17693974193587	1.08279347516517	0.153722572437393	1.25007951429548	0.376639087019287	0.205047188090421	1.20200986256152	0.0794240417911695	-0.131587995401435
"205"	0.895796507705448	-0.502543878950085	0.0133646324308458	-0.403145449051951	0.347708795341992	1.79849730934947	0.50023443208388	1.16860883774742	-0.108081349485298	3.32049772571159	1.98440001439761	0.0581849508507062	0.592051242314363	0.785882377547682	0.278956413528954
"206"	-0.290384993569674	-0.387346164773146	-0.216628927636	0.922513829674914	-0.375350431138227	1.47073764014404	-0.247120713634997	1.62838297160237	0.257864886893587	0.0221584990768884	-0.0473133526725298	2.00483099081767	1.81632083535241	2.05628861684029	0.320190273454925
"207"	-0.234895016540011	-1.0283888984503	1.26517675438575	-0.643913771302151	-1.3791766319647	-0.845039542981506	-0.236069831855736	-1.25547424516542	1.83037830451873	-0.804087877810725	0.253475648906449	-0.50188368160885	-1.32824565942546	-0.722731499294879	-0.556291060589861
"208"	-1.22197129373611	-0.476115616811666	0.949486797421118	-0.478374125377685	-0.495928820759875	-0.354639991926681	0.460602851680497	-0.671221704029874	-0.601059257858316	-0.82504623121306	-0.334418504591945	-1.36581440066576	-0.378490087560094	0.449164334288206	0.22806996631637
"209"	-0.973642166936816	-0.37558949699787	-2.89644604692988	0.154432328707975	-0.281434791334306	-1.0280404508247	-0.703856247611021	1.31345690895292	0.842765893804016	-0.0389766604698661	-1.13930205089384	-0.156796898885902	-0.534331816450393	0.174829872409724	-0.752352147562372
"210"	-0.0732799371067801	-0.440955461720459	0.45143684781118	0.118586985286859	0.98557765529574	1.28805007873248	0.47729602015279	-1.2484557614372	-1.10229114010551	-0.711424029811052	-1.48299882827521	-0.53883308226685	-0.847531902537483	0.29691291169787	1.98368705724152
"211"	1.12557478225599	1.02373890916561	1.49683684176167	-0.317284418127887	-1.07499657343609	0.146455676019182	-0.24143126799991	-1.07479393680155	-0.557058656030305	-1.31828367513569	-0.281229116760496	0.0858537043931459	0.698325390260376	-0.0630055881086089	0.100107914143768
"212"	-0.511276347784303	-0.423228696108871	-1.4923411260661	-0.374337217778087	-1.71754807942857	-0.604731388959745	-0.0754382472556294	-1.71532781743694	-0.302447745242601	-0.633030956173893	0.501419721620355	-1.20832826088651	-1.10200854350197	-0.596544000217489	0.293790911832872
"213"	-0.834262229273246	-1.38497430155124	0.908400012569221	0.882247988288658	1.35816263655654	0.0486552761054862	-0.22593267927085	1.21511821355172	0.604438831870747	-0.733786716188464	-0.474077749246738	1.74571104665469	0.259517245246065	0.359968333072967	-0.463955666880747
"214"	0.28342091297412	1.70975588994248	-0.0310208445288143	0.457921560868379	0.527066633233364	0.817627324921634	1.09490090867685	0.667326341965084	0.92616788282129	0.917206701412404	0.409340879889098	1.91893039606633	1.3662164509336	0.635536821829076	2.75192335241887
"215"	-0.0861998382821589	-0.354966873208617	0.751951758597397	-0.0880632979241775	-0.0359745973208953	0.00157687406205119	0.778714141491303	-0.673891727649042	0.556573400406091	-1.21603355948717	-1.24601795530712	-0.480981359761552	-0.400024405299016	0.201211126118054	0.336135626164401
"216"	0.0243574223126173	-0.00905398161764998	-0.912725201028284	-0.686128281308785	0.0396957322318923	-2.31139637433487	-1.51373963670853	-0.59636706558568	-0.466113604250689	-1.78025139154373	-0.131884075977408	-0.00835753018835682	0.254326568774618	-3.47518888700085	-0.143212821068481
"217"	-0.234854063460951	0.0655477141361864	-2.44380938233262	-1.07183348512711	0.869271760588678	0.165772661427146	-1.18190368673096	-0.897197914373364	-0.0852299344241555	-0.271992173478571	-0.839690011831636	-1.30323867006299	-0.477474833926914	-1.33529833068507	-0.954038021451165
"218"	-1.53941427255655	-0.18031427599654	-0.328291822397575	0.386077275176673	-0.545937684312535	0.934781151617002	-0.0686533018192045	1.9839326889997	-0.339286719109323	1.95241747933986	-0.10586343274859	0.512178650797544	1.35542716008966	0.800118457772158	0.881400032334455
"219"	0.652556406607423	-0.234923269915589	0.276573673711163	-0.0409896169861467	-0.39125798166711	-2.64606276570283	-1.07992883936329	1.52051655580775	0.0396514389670284	1.28650590742449	0.533157101004957	-0.780792607220616	-0.626342211755201	-0.553375843299694	-0.277645015137678
"220"	-1.3419428524801	-0.933694471452659	-0.722550836469702	-1.4007869076432	-0.355217301629163	-2.15338840692617	0.0875793565682157	-0.243401546655236	0.240814859135838	-0.241408389606805	-0.274144117539183	-0.0907652118309082	-0.172135672748901	0.610550475759391	0.169718903159797
"221"	0.000186527717023433	-0.0122736410548854	1.85792632787086	0.488291502465814	0.472804044573623	-0.212593863843665	-1.01899257519304	-0.515295519826286	0.168260808963818	0.0174419910946806	1.1453322021949	1.93513965108245	-0.400987651728546	-0.274690062801978	-0.31095597156334
"222"	-0.00651461126583802	0.336310090985571	-1.11315001427304	-1.08136706877284	-1.6302800494505	1.2748076196477	1.06760595637705	-0.202043367791814	-1.18811278666717	0.421344574375914	-1.39795859438134	-1.852680356799	0.0712202914135902	-0.0399499134923938	0.454365024125321
"223"	-0.410896416384843	-0.847729004141173	0.208694015219675	0.658451664210561	-0.247652817518668	-0.0921454738243683	0.564209987312125	-0.967826621964972	-1.03355262589162	-0.651134364216051	-0.672965821710018	0.661182487078334	0.425410185671032	0.69856999334663	0.796562897055186
"224"	-0.623298955627728	-2.20427558523567	-0.882079833192505	1.07750928927171	-0.305720220762434	0.455051004452577	-0.445301914142853	0.130233643962228	-0.701966622362345	-0.175849217550396	-0.993845521415326	-2.83828634578152	-0.723711431278487	-0.51506069225374	1.11730990634806
"225"	2.16490919056041	1.68657690036043	0.880639852377405	1.87407799944506	1.01700616380566	1.77984703653395	-0.0461446442399855	0.250448565856241	0.332706819442359	1.22923692887113	1.72659289059647	1.56801763546557	-1.54560659993412	1.35970266438289	0.299006784566507
"226"	-1.16862926260734	0.283877235711077	-1.05178110372516	0.120198429107205	0.0910968720936916	-0.834045109974907	-1.34906042638133	-0.24942109149687	-0.689610235995459	-1.75457588804983	-0.82135684833536	0.256015048695856	0.396122092182864	0.476850930554454	-0.210352990213503
"227"	-0.128601597637878	0.346921014033252	0.75210342031445	-1.31843364803809	-0.79296538234045	-1.17839022544111	0.248244118250279	0.127568823321332	-0.486993395036374	0.525166691499089	0.873571362834717	0.760441321712669	0.819697659419706	0.71415261973367	-1.85506376470082
"228"	-0.27411583332621	-0.435901821309354	1.29854575627692	0.0260174855667237	1.40070978946421	0.333048593277351	0.890193715404842	2.36369707151459	0.932692304697388	-0.802017054496678	-1.1098180235261	0.606166482510294	0.117403414413037	-0.0600112772370809	1.28099121900739
"229"	-1.42453521124637	-0.440676735936106	-0.915467558652962	-1.73008153013333	-0.926083135274092	-1.41017224059856	-1.14830434814479	-0.106685546774555	-0.492046344425963	0.070898426345593	-0.936423225179593	-1.11950819997248	-1.35060305707543	-0.778042051630954	-0.837994029316231
"230"	-1.2427835791643	-0.772340098081445	-0.941606461825247	-1.5287053892982	0.843392925544191	-0.282260569158994	-0.807641101218459	-1.0676357571385	-1.28153608919022	-0.907142950491551	1.19473539108618	0.527835220604415	-1.0678870167528	-0.473507898581146	-0.836749816863113
"231"	-0.964279342871639	0.269374001356962	0.858513942025665	-0.953087916184841	0.30996701342276	0.413457603830301	1.05598724246668	0.726482647026863	-0.33145218861582	0.723024510801732	-1.4873633262373	0.435710191066049	-0.285381582119584	0.0554481948950967	0.535920287135593
"232"	-0.133037538773933	-0.445791446390855	0.152989959960662	-1.09278240254011	0.0131966326963758	-1.09612673116825	0.933339704326736	0.18177956615899	-1.20971462179274	-1.56080021673064	1.67786479005368	0.557593654454487	-1.26384286939824	0.622994372799044	-0.195076871013115
"233"	-0.487857810167325	-0.991876150628183	-0.178343166473301	1.42100836252351	0.239329808273941	0.111319033777805	-0.0688146547365772	1.5688276859116	0.279307805928854	0.204741369804036	1.15439913186543	1.26480946652963	0.575661150404039	-0.306449190654846	0.566619511166073
"234"	-2.20450671706935	-0.976398089158454	-0.916176371424467	-1.48903902484294	-2.68664548609112	-0.320947650031756	0.551026893730584	0.546163423371016	0.766275628663407	-1.17488421549366	-2.63308913274188	-0.801410185940849	-1.10790730417015	-0.661439106971996	-1.24160703598495
"235"	0.205062384410299	0.29547764873218	-0.448442454655116	0.856616961925775	1.12822416950573	0.201627327490653	0.552395118724632	-0.816153855690132	1.04375152783324	-1.83604741356793	0.348139382191746	0.291774910029983	0.135191622138165	-0.358706750179802	0.0515555764198201
"236"	0.885014600734682	0.465243029225438	1.21691022570398	-0.111132815270144	1.63600207797497	0.0290188098106886	-0.611941443912987	-0.252602093260616	-0.529458842396613	1.39279303543602	-1.32146141879342	1.31007810215033	1.69943552263116	1.4317215835617	0.773707295316727
"237"	0.768430421498848	2.34084570401258	0.660548868911349	0.254402950966904	-0.76473259352068	-0.289982055560847	-0.136384157332641	-0.256268337833337	0.410937957206908	0.663144619287671	0.862219892729821	1.21570254183078	-1.66302302016619	0.275612970660722	-0.116249120550521
"238"	0.503526603925076	-1.09301589050289	-1.1743333952507	-0.208243019194739	1.0785889438095	-0.386741348095157	0.704583319131406	-1.26065547808718	-0.112060101767343	-0.00777089587182109	0.122528865387685	0.000992012841902638	1.02410320281668	0.694651060440077	-0.109548841370799
"239"	-0.0953408267444274	-0.420973556424146	1.64476289814987	0.960287197719559	0.512929472962496	1.20045467464695	0.260322748711845	0.934346406915068	0.932578306351516	1.97579501191361	0.541582468557569	-0.2299224120902	1.12816490216377	0.736424406871657	2.25739702652453
"240"	-0.223626275437696	0.421359919205543	0.142278918852299	-0.781321583132043	-0.407649712236483	-0.78275814811572	1.56332325596681	-0.101843830950108	-0.912509129920798	0.170170675296079	0.799893094758044	0.632179033361674	0.00505453211754703	-0.757025709356733	-1.48647663984348
"241"	0.875603219650136	0.634785180821677	-1.93456413527964	0.202356686298377	0.190900543356756	1.43738750112776	1.10712758636189	0.726716529321973	-1.09367898081891	-0.140032436985566	0.27407257407148	-1.18366855795885	0.196115365188873	-0.738052571908076	-0.145053934626952
"242"	-2.0821103533771	-1.59594707271057	-2.7521832734674	-1.19510600646638	-1.24217321736155	-1.18410418860251	-0.968198538914869	-0.138202041420785	0.106426766383272	-0.875731376736518	-1.1602528938106	1.30647397485983	-0.157870812916266	-0.927274889330101	-2.11864865763098
"243"	-0.344198759182309	0.347477514809271	-1.09921578388593	-0.806314029323395	-1.55171710453522	-1.45854942957316	0.909916541653856	-0.542143023315929	0.308966832472678	-0.76179660745579	0.282073665274369	-0.346277664553156	0.0815929479536922	-0.514945737943569	0.605143114471185
"244"	1.06723054063557	-0.570757358683703	0.748056288934484	0.532844004663439	-1.52206168916671	-0.451140317879723	0.107692229091411	-0.76380967524019	-0.0447548205465856	-0.120192423768151	0.448927907481511	-0.791353853316122	-0.801928633754575	-0.919615513111271	0.04881868081791
"245"	-0.024983927198605	-0.380199188955734	-0.662686180682145	-0.626823723564785	-1.93759484356886	-1.28532938128298	-0.458447805180964	-0.581783272862814	0.0159010640806491	-0.0734378452410849	-0.872545001674113	-0.579693317813644	0.86770237942452	0.306121171339313	-0.90197392499724
"246"	0.1514915026663	0.599191107299768	1.18371070161415	-1.5930561347253	-0.772770721525884	0.389224712072542	0.762131153318117	1.54108921727326	1.57821485760618	1.21151781322684	0.845637839304428	-2.19092693246367	1.21790255376507	0.841468655714855	0.667813513752329
"247"	0.0131583455621984	0.686684935852677	-0.330680258477616	-0.626776402953127	0.098416547558037	0.626051533139375	1.82345978471032	0.22375943205883	0.574737129927747	0.194181702063618	0.19692192518663	1.34054285845254	0.87887103726459	-0.513771138780383	0.0500037018981504
"248"	0.822568262980957	0.381431467489164	0.422927651745622	0.730184777777964	0.836956147596904	-1.06233839537102	-0.501972788784043	1.07939557335396	-0.893171565267631	1.25016616647225	0.713176731637482	0.661001898812992	0.6337390534559	0.219029458933464	0.934666326940567
"249"	-0.478783072916996	0.652723522465133	0.880310443177315	0.204139262664505	-0.586580258818723	1.57822042774588	2.08745154680678	0.0601359278515815	0.738045446646186	0.359704735307124	2.3956289117425	1.27691767362185	0.461842704122508	-0.331139770798296	0.225667111686212
"250"	1.02332271928552	0.575426232194199	-1.46139502744555	-0.114572794777897	-0.0639960954204698	-1.1192121930952	1.57479427906527	0.75771861476115	-0.733790392923433	-0.879577859075442	-0.885726161143838	-1.10238290036114	-2.0092883334044	0.553627610761949	-1.43783190024245
